86 108 88 48 299 53 297 114 text 0
302 110 304 46 416 49 414 113 text 0
422 48 608 45 609 107 423 109 text 0
88 227 88 115 610 115 610 227 text 0
259 226 430 225 431 251 259 252 text 0
111 333 112 249 587 252 586 337 text 0
96 369 97 339 169 342 167 372 text 0
170 370 172 337 209 339 206 372 text 0
214 371 214 338 282 339 282 372 text 0
286 365 286 340 377 340 377 365 text 0
383 340 423 338 425 364 385 367 text 0
428 370 429 339 497 341 496 372 text 0
498 368 498 340 524 340 524 368 text 0
528 342 609 338 610 366 529 370 text 0
