113 263 113 113 401 113 401 263 text 0
907 253 907 118 1253 118 1253 253 text 0
68 496 68 422 176 422 176 496 text 0
274 427 358 427 358 493 274 493 text 0
440 493 440 422 530 422 530 493 text 0
622 425 715 422 717 496 625 499 text 0
810 496 812 425 894 427 892 498 text 0
997 432 1084 432 1084 498 997 498 text 0
1187 498 1187 432 1279 432 1279 498 text 0
1398 477 1399 424 1513 427 1512 480 text 0
654 570 688 568 691 622 657 624 text 0
838 578 880 575 884 625 842 628 text 0
1021 580 1071 577 1074 628 1024 631 text 0
1214 628 1214 572 1261 572 1261 628 text 0
694 664 696 638 733 641 731 667 text 0
889 665 889 638 921 638 921 665 text 0
1079 643 1113 643 1113 672 1079 672 text 0
1261 642 1298 636 1303 667 1266 673 text 0
71 789 73 731 118 733 116 791 text 0
119 830 121 804 155 807 153 833 text 0
263 738 308 738 308 791 263 791 text 0
311 831 311 804 343 804 343 831 text 0
453 791 453 736 496 736 496 791 text 0
499 807 538 804 540 831 501 833 text 0
641 741 688 738 691 791 643 794 text 0
694 807 728 804 730 833 696 836 text 0
834 746 876 744 878 799 836 801 text 0
884 810 918 807 921 839 886 841 text 0
1011 741 1093 739 1095 794 1013 797 text 0
1076 839 1076 810 1108 810 1108 839 text 0
1200 746 1275 744 1277 797 1202 799 text 0
1264 813 1298 810 1301 841 1266 844 text 0
50 910 126 907 128 963 52 965 text 0
116 981 150 981 150 1008 116 1008 text 0
237 910 320 907 321 965 239 968 text 0
306 1005 306 976 343 976 343 1005 text 0
424 918 509 910 514 965 430 973 text 0
496 981 533 981 533 1008 496 1008 text 0
622 916 704 913 707 971 625 974 text 0
689 982 726 979 728 1010 691 1013 text 0
818 918 906 915 907 968 819 971 text 0
1013 921 1087 917 1090 967 1016 971 text 0
1200 925 1282 920 1285 968 1203 973 text 0
884 984 918 984 918 1013 884 1013 text 0
1076 1013 1076 981 1111 981 1111 1013 text 0
1266 992 1316 986 1319 1016 1270 1021 text 0
44 1087 121 1087 121 1142 44 1142 text 0
105 1182 108 1148 134 1150 131 1184 text 0
229 1142 232 1087 319 1091 316 1146 text 0
290 1158 322 1155 324 1182 292 1184 text 0
422 1148 422 1089 504 1089 504 1148 text 0
490 1187 490 1155 514 1155 514 1187 text 0
611 1092 701 1087 704 1145 614 1150 text 0
683 1163 712 1163 712 1192 683 1192 text 0
810 1150 810 1092 897 1092 897 1150 text 0
878 1195 878 1163 905 1163 905 1195 text 0
997 1097 1083 1092 1087 1150 1001 1156 text 0
1071 1163 1094 1161 1097 1190 1074 1192 text 0
1198 1095 1281 1089 1285 1150 1202 1156 text 0
1266 1169 1295 1169 1295 1192 1266 1192 text 0
26 1322 26 1264 116 1264 116 1322 text 0
221 1322 221 1269 311 1269 311 1322 text 0
411 1270 501 1265 504 1319 414 1324 text 0
605 1277 696 1274 698 1327 607 1330 text 0
806 1277 893 1271 897 1327 810 1332 text 0
95 1361 95 1335 124 1335 124 1361 text 0
292 1369 292 1338 329 1338 329 1369 text 0
483 1340 517 1338 519 1369 485 1372 text 0
680 1375 680 1340 720 1340 720 1375 text 0
876 1372 876 1340 915 1340 915 1372 text 0
1129 1456 1361 1456 1361 1485 1129 1485 text 0
1598 1417 1599 1327 1895 1330 1894 1419 text 0
15 1435 65 1435 65 1467 15 1467 text 0
73 1472 73 1438 150 1438 150 1472 text 0
157 1469 158 1443 238 1446 237 1472 text 0
248 1440 298 1440 298 1477 248 1477 text 0
306 1443 401 1443 401 1477 306 1477 text 0
411 1443 459 1443 459 1477 411 1477 text 0
467 1477 467 1443 519 1443 519 1477 text 0
530 1446 612 1446 612 1477 530 1477 text 0
617 1451 691 1448 692 1477 618 1480 text 0
700 1480 702 1448 784 1451 783 1483 text 0
791 1483 791 1454 833 1454 833 1483 text 0
840 1446 933 1443 934 1483 841 1485 text 0
942 1483 942 1448 1013 1448 1013 1483 text 0
1517 1468 1517 1449 1592 1449 1592 1468 text 0
1599 1449 1625 1449 1625 1469 1599 1469 text 0
1628 1469 1629 1449 1670 1450 1670 1470 text 0
1676 1472 1676 1449 1739 1449 1739 1472 text 0
1739 1452 1799 1450 1800 1472 1739 1473 text 0
1517 1475 1554 1472 1556 1492 1518 1495 text 0
1561 1493 1561 1475 1603 1476 1602 1495 text 0
1605 1495 1606 1475 1655 1478 1653 1498 text 0
1659 1496 1659 1476 1685 1476 1685 1496 text 0
1691 1496 1691 1477 1721 1477 1721 1496 text 0
1727 1499 1727 1476 1781 1477 1781 1500 text 0
1785 1475 1836 1473 1836 1499 1785 1500 text 0
1834 1500 1835 1476 1925 1479 1924 1503 text 0
