44 54 44 38 69 39 69 54 text 0
70 57 70 41 107 41 107 57 text 0
109 54 109 41 139 41 139 54 text 0
141 42 165 41 165 57 142 58 text 0
167 56 168 41 214 41 214 57 text 0
217 54 217 40 266 40 266 54 text 0
41 60 208 59 209 155 41 156 text 0
42 156 284 153 285 242 43 244 text 0
41 328 43 243 116 244 114 329 text 0
126 261 156 260 156 281 127 281 text 0
161 281 161 260 199 260 199 281 text 0
127 283 151 283 151 300 127 300 text 0
155 283 180 283 180 299 155 299 text 0
182 283 199 283 199 300 183 301 text 0
202 282 223 282 223 302 202 302 text 0
125 303 150 302 150 322 126 323 text 0
154 325 154 305 195 305 195 325 text 0
41 417 41 332 178 332 178 417 text 0
235 322 255 322 255 330 235 330 text 0
234 367 258 366 259 375 235 375 text 0
233 377 258 377 258 385 233 385 text 0
239 386 255 385 255 393 239 393 text 0
228 333 260 331 261 363 229 364 text 0
58 440 58 428 84 429 84 441 text 0
86 441 86 428 114 428 114 441 text 0
117 441 117 429 134 429 134 441 text 0
136 442 136 428 161 428 161 442 text 0
164 428 180 428 180 440 164 440 text 0
182 441 182 427 206 427 206 441 text 0
208 430 217 430 217 441 208 441 text 0
219 430 252 430 252 441 219 441 text 0
253 440 254 429 295 430 295 441 text 0
53 487 54 444 147 445 146 488 text 0
152 488 152 444 295 444 295 488 text 0
53 512 53 497 110 497 110 512 text 0
127 499 138 499 138 506 127 506 text 0
139 499 151 499 151 506 139 506 text 0
152 507 152 499 165 499 165 507 text 0
128 512 128 507 137 507 137 512 text 0
139 507 150 507 150 512 139 512 text 0
227 499 240 499 240 507 227 507 text 0
241 498 253 498 253 507 241 507 text 0
254 498 263 498 263 508 254 508 text 0
266 499 280 499 280 507 266 507 text 0
282 499 295 499 295 508 282 508 text 0
