355 178 525 178 525 237 355 237 text 0
547 178 666 178 666 234 547 234 text 0
691 245 691 186 819 186 819 245 text 0
830 237 830 178 884 178 884 237 text 0
901 234 903 169 990 172 988 237 text 0
1011 234 1011 175 1135 175 1135 234 text 0
296 313 296 248 477 248 477 313 text 0
491 316 491 245 652 245 652 316 text 0
660 316 660 245 796 245 796 316 text 0
807 257 920 257 920 313 807 313 text 0
943 313 943 251 1079 251 1079 313 text 0
1090 319 1090 262 1200 262 1200 319 text 0
293 389 293 336 389 336 389 389 text 0
412 336 491 336 491 389 412 389 text 0
510 330 638 324 641 395 513 401 text 0
646 330 765 330 765 392 646 392 text 0
779 336 847 333 849 389 782 392 text 0
864 347 954 344 956 392 865 395 text 0
966 392 966 341 1056 341 1056 392 text 0
1070 344 1192 344 1192 392 1070 392 text 0
382 469 383 418 515 421 513 471 text 0
525 421 649 421 649 480 525 480 text 0
672 418 776 418 776 471 672 471 text 0
790 415 901 415 901 477 790 477 text 0
919 469 920 412 1010 415 1008 471 text 0
1019 471 1019 415 1124 415 1124 471 text 0
513 491 649 491 649 556 513 556 text 0
663 551 663 497 790 497 790 551 text 0
807 503 977 500 978 550 808 553 text 0
1974 2023 1974 1942 2023 1942 2023 2023 text 0
