61 59 101 50 105 66 64 76 text 0
103 45 121 40 126 57 108 62 text 0
127 43 156 35 161 52 132 60 text 0
159 29 174 25 178 42 163 46 text 0
68 83 96 74 102 93 73 101 text 0
100 72 134 60 141 78 107 91 text 0
76 103 116 91 120 105 80 117 text 0
119 91 146 85 150 99 123 106 text 0
83 125 104 120 107 134 86 139 text 0
106 123 133 111 140 127 113 140 text 0
136 110 160 102 165 117 141 125 text 0
159 103 187 89 194 104 166 118 text 0
28 142 115 142 115 178 28 179 text 0
124 149 239 147 240 177 125 178 text 0
247 138 332 135 333 177 249 180 text 0
19 187 102 186 102 216 19 217 text 0
112 179 272 179 272 215 112 216 text 0
284 186 338 185 338 214 284 215 text 0
78 225 196 224 196 254 78 255 text 0
204 214 286 214 286 253 204 253 text 0
80 264 219 263 219 280 80 281 text 0
226 263 287 263 287 279 227 280 text 0
66 422 162 421 162 437 66 438 text 0
166 421 288 420 288 436 166 437 text 0
83 440 111 439 111 452 84 453 text 0
113 442 128 441 128 451 113 452 text 0
132 450 133 441 147 441 146 451 text 0
150 441 181 441 182 451 150 452 text 0
185 440 208 440 208 451 185 452 text 0
211 441 230 441 230 451 211 451 text 0
234 439 268 439 268 451 234 452 text 0
34 455 86 455 86 465 34 465 text 0
87 455 147 454 147 465 88 466 text 0
145 454 161 454 161 464 145 465 text 0
164 453 225 453 225 466 164 466 text 0
228 454 266 453 266 464 228 465 text 0
267 453 323 452 323 463 268 464 text 0
109 468 124 468 125 478 109 479 text 0
129 478 129 467 152 467 152 478 text 0
155 480 155 468 187 468 186 481 text 0
189 468 222 467 222 479 189 480 text 0
223 477 223 467 248 468 247 478 text 0
154 512 171 512 171 522 154 522 text 0
174 521 174 510 197 510 197 521 text 0
200 511 218 511 218 522 200 522 text 0
222 521 222 511 239 512 238 521 text 0
130 508 142 508 142 518 130 518 text 0
