478 593 480 516 620 521 617 598 text 0
634 579 636 514 711 516 709 581 text 0
733 581 733 519 805 519 805 581 text 0
819 528 980 521 983 584 822 591 text 0
328 629 523 627 524 687 329 689 text 0
538 687 538 627 699 627 699 687 text 0
716 613 812 613 812 687 716 687 text 0
832 622 948 620 949 680 834 682 text 0
966 632 1125 632 1125 682 966 682 text 0
193 711 420 706 422 764 194 769 text 0
428 769 428 709 524 709 524 769 text 0
538 716 662 713 663 769 539 771 text 0
675 711 837 706 838 762 677 766 text 0
855 706 1002 706 1002 762 855 762 text 0
1009 704 1194 701 1194 752 1010 754 text 0
1204 754 1204 704 1288 704 1288 754 text 0
456 930 456 889 572 889 572 930 text 0
677 879 810 879 810 923 677 923 text 0
814 879 953 877 954 915 814 918 text 0
961 872 1036 872 1036 918 961 918 text 0
464 1112 464 1081 550 1081 550 1112 text 0
555 1081 644 1081 644 1110 555 1110 text 0
648 1079 706 1074 709 1105 651 1110 text 0
716 1105 717 1076 768 1079 766 1108 text 0
771 1074 858 1074 858 1105 771 1105 text 0
947 1096 1058 1091 1060 1134 949 1139 text 0
449 1120 556 1115 557 1144 450 1149 text 0
562 1120 672 1117 673 1144 563 1146 text 0
677 1117 762 1117 762 1148 677 1148 text 0
766 1115 858 1110 860 1141 768 1146 text 0
481 1329 541 1326 543 1362 483 1365 text 0
682 1293 802 1293 802 1334 682 1334 text 0
810 1283 855 1283 855 1329 810 1329 text 0
863 1322 863 1283 891 1283 891 1322 text 0
684 1374 685 1341 767 1343 766 1377 text 0
771 1341 884 1341 884 1384 771 1384 text 0
889 1372 889 1334 966 1334 966 1372 text 0
973 1331 1064 1326 1067 1370 975 1375 text 0
