123 541 755 538 756 795 124 798 text 0
844 548 1447 538 1453 844 849 855 text 0
296 883 839 872 844 1161 302 1171 text 0
907 914 1277 909 1280 1148 911 1154 text 0
126 1258 291 1255 293 1386 128 1388 text 0
326 1280 378 1280 378 1385 326 1385 text 0
408 1263 584 1263 584 1404 408 1404 text 0
603 1264 729 1263 730 1373 605 1374 text 0
754 1224 967 1221 970 1368 756 1372 text 0
999 1249 1119 1249 1119 1372 999 1372 text 0
1138 1248 1310 1242 1315 1387 1143 1393 text 0
1337 1250 1458 1250 1458 1360 1337 1360 text 0
225 1558 225 1445 412 1446 412 1559 text 0
436 1428 594 1428 594 1527 436 1527 text 0
617 1540 617 1431 874 1431 874 1540 text 0
894 1428 1097 1427 1098 1515 894 1515 text 0
1118 1421 1225 1420 1226 1511 1119 1512 text 0
1232 1429 1353 1426 1356 1526 1234 1529 text 0
252 1718 260 1694 370 1734 362 1758 text 0
367 1757 377 1732 572 1812 561 1838 text 0
