110 167 114 109 321 121 318 179 text 0
122 436 122 409 237 409 237 436 text 0
323 115 433 114 433 161 324 162 text 0
441 112 490 110 492 165 444 167 text 0
497 119 591 109 598 172 504 182 text 0
243 440 244 408 343 409 342 442 text 0
393 537 396 505 496 515 493 547 text 0
499 508 559 505 561 533 500 536 text 0
119 245 119 217 225 217 225 245 text 0
234 221 289 219 290 244 235 247 text 0
297 216 321 216 321 250 297 250 text 0
325 217 387 214 389 247 327 250 text 0
397 254 397 220 464 220 464 254 text 0
466 247 466 217 500 217 500 247 text 0
506 254 506 216 567 216 567 254 text 0
571 217 645 217 645 248 571 248 text 0
645 248 645 219 689 219 689 248 text 0
119 395 121 366 156 368 155 397 text 0
165 368 221 364 223 397 167 401 text 0
231 398 232 368 297 370 296 400 text 0
124 288 124 254 203 254 203 288 text 0
121 327 121 293 192 293 192 327 text 0
120 358 121 327 185 329 184 360 text 0
205 283 207 255 252 258 250 286 text 0
255 286 255 257 313 257 313 286 text 0
198 326 198 295 246 295 246 326 text 0
249 295 315 291 317 321 251 325 text 0
315 261 414 260 414 288 316 289 text 0
321 295 372 293 373 322 322 323 text 0
376 295 445 289 448 322 379 328 text 0
418 261 475 255 478 284 420 289 text 0
478 288 478 253 545 253 545 288 text 0
183 361 183 329 242 329 242 361 text 0
247 334 305 329 309 364 251 369 text 0
310 359 314 330 358 337 353 365 text 0
364 361 364 333 381 333 381 361 text 0
314 401 314 373 393 374 392 402 text 0
414 375 601 373 602 402 414 405 text 0
614 397 614 374 683 375 683 398 text 0
550 256 608 255 609 287 551 288 text 0
613 283 614 252 687 255 686 286 text 0
444 318 449 291 488 297 484 324 text 0
487 319 496 290 540 303 531 332 text 0
537 320 540 289 598 295 595 325 text 0
596 323 596 293 645 293 645 323 text 0
649 295 686 293 687 326 650 328 text 0
386 336 431 333 432 360 387 362 text 0
437 362 438 334 517 336 517 364 text 0
521 330 578 328 579 361 522 363 text 0
582 362 586 329 631 334 627 368 text 0
630 333 694 332 695 361 631 362 text 0
