85 314 214 313 215 433 86 434 text 0
242 434 243 349 506 352 505 437 text 0
539 349 786 349 786 453 539 453 text 0
81 531 81 485 189 485 189 531 text 0
200 494 263 494 263 531 200 531 text 0
275 537 276 489 386 491 385 539 text 0
81 532 265 531 266 598 82 599 text 0
274 550 386 550 386 596 274 596 text 0
439 558 440 494 573 496 572 560 text 0
590 567 590 497 774 498 773 568 text 0
83 610 391 610 391 707 83 707 text 0
390 620 548 598 560 688 403 710 text 0
548 656 568 591 627 610 606 675 text 0
638 585 800 584 800 647 638 648 text 0
83 793 83 768 144 769 144 794 text 0
149 774 208 772 209 797 150 799 text 0
84 831 84 807 115 807 115 831 text 0
122 837 122 808 168 808 168 837 text 0
171 808 207 807 208 831 172 831 text 0
213 807 286 807 286 837 213 837 text 0
293 837 293 807 362 807 362 837 text 0
367 830 367 807 513 807 513 830 text 0
85 845 130 845 130 876 85 876 text 0
137 845 208 845 208 874 137 874 text 0
213 846 260 845 260 874 214 875 text 0
264 845 419 845 419 873 264 873 text 0
424 871 425 846 493 847 493 872 text 0
499 845 582 845 582 873 499 873 text 0
590 848 622 848 622 873 590 873 text 0
627 871 627 845 689 845 689 871 text 0
695 874 695 845 793 845 793 875 text 0
91 885 176 885 176 909 91 909 text 0
181 915 181 884 235 884 235 915 text 0
240 884 308 883 309 909 240 910 text 0
315 912 315 882 399 882 399 912 text 0
402 885 460 885 460 911 402 911 text 0
466 911 466 884 528 884 528 911 text 0
534 912 534 885 630 885 630 912 text 0
97 978 226 976 226 1018 97 1020 text 0
230 990 230 975 267 975 267 990 text 0
270 991 271 977 307 979 307 993 text 0
313 1017 313 975 443 975 443 1017 text 0
233 1018 233 995 305 995 305 1018 text 0
97 1034 231 1033 231 1072 97 1073 text 0
243 1072 243 1033 443 1035 443 1074 text 0
114 1113 171 1090 185 1123 128 1147 text 0
176 1085 261 1077 265 1112 179 1121 text 0
268 1108 269 1086 331 1089 330 1111 text 0
331 1116 337 1079 425 1094 419 1131 text 0
