564 272 565 246 639 248 638 275 text 0
642 275 643 249 693 251 692 277 text 0
697 282 697 254 741 254 741 282 text 0
744 279 745 254 776 256 774 281 text 0
780 280 781 256 826 257 825 282 text 0
828 285 828 260 872 261 871 286 text 0
875 285 875 262 948 264 947 286 text 0
951 264 997 263 997 289 951 289 text 0
1000 265 1041 264 1042 291 1000 293 text 0
1046 264 1089 263 1090 293 1046 294 text 0
1092 272 1139 269 1141 295 1094 298 text 0
653 308 654 283 742 286 742 311 text 0
743 313 744 289 818 291 817 315 text 0
819 292 864 292 864 318 819 318 text 0
866 294 898 294 899 318 866 318 text 0
901 318 901 292 932 292 932 318 text 0
935 321 935 298 979 299 978 321 text 0
981 298 1025 298 1025 324 981 324 text 0
1029 302 1059 302 1059 324 1029 324 text 0
827 377 844 343 854 348 837 383 text 0
848 342 872 337 875 348 851 354 text 0
869 344 876 335 896 349 890 358 text 0
889 354 898 348 910 365 901 371 text 0
902 370 911 367 916 380 906 384 text 0
831 401 839 396 846 409 838 414 text 0
842 418 849 410 862 421 855 428 text 0
858 428 860 420 877 424 875 433 text 0
878 424 895 418 898 427 881 433 text 0
893 421 909 398 917 404 901 426 text 0
542 442 640 439 643 539 545 542 text 0
670 541 672 474 885 480 884 546 text 0
911 556 912 462 1189 464 1188 558 text 0
644 602 644 559 741 560 740 603 text 0
754 567 841 566 842 610 755 611 text 0
853 607 853 569 961 570 961 608 text 0
970 591 990 590 990 603 971 604 text 0
998 577 1105 576 1105 614 998 615 text 0
777 639 838 637 839 668 778 669 text 0
838 666 839 637 936 640 935 669 text 0
940 639 1018 639 1018 666 940 666 text 0
1020 667 1020 642 1050 642 1050 667 text 0
1052 671 1052 640 1145 640 1145 671 text 0
1148 671 1148 644 1179 644 1179 671 text 0
1181 670 1182 642 1241 642 1241 671 text 0
1244 669 1244 645 1301 647 1300 671 text 0
