226 20 254 19 255 39 227 40 text 0
256 21 316 20 316 39 257 40 text 0
318 40 318 21 356 21 356 40 text 0
359 40 360 19 396 21 395 42 text 0
400 42 400 21 446 21 445 43 text 0
448 39 448 21 486 22 486 39 text 0
53 135 53 95 161 95 161 135 text 0
174 128 174 95 334 95 334 128 text 0
345 97 387 95 388 126 346 127 text 0
394 95 480 92 481 125 395 128 text 0
492 98 572 98 572 125 492 125 text 0
583 126 584 98 652 100 651 129 text 0
146 140 336 139 336 171 146 172 text 0
348 140 571 139 571 170 348 171 text 0
138 260 140 227 181 230 178 262 text 0
182 256 183 232 249 234 248 259 text 0
251 257 252 229 316 230 315 258 text 0
321 258 321 229 390 231 389 260 text 0
389 259 393 228 422 232 419 262 text 0
428 256 428 226 580 229 579 259 text 0
36 347 38 314 85 316 83 350 text 0
93 345 93 316 267 317 267 346 text 0
274 347 274 316 383 318 383 349 text 0
392 346 392 315 503 316 503 347 text 0
511 318 570 317 571 347 512 348 text 0
582 345 583 313 675 315 675 346 text 0
