468 503 626 503 626 577 468 577 text 0
636 570 636 503 721 503 721 570 text 0
742 559 745 503 812 506 809 563 text 0
841 563 841 513 1013 513 1013 563 text 0
354 612 478 605 482 675 358 682 text 0
499 612 650 612 650 672 499 672 text 0
669 661 672 605 822 612 819 668 text 0
841 605 981 605 981 675 841 675 text 0
988 598 1154 590 1157 658 991 665 text 0
164 693 404 689 405 738 165 742 text 0
413 693 518 689 520 746 415 749 text 0
531 746 531 686 661 686 661 746 text 0
681 742 682 686 859 689 858 746 text 0
877 693 1035 686 1038 742 879 749 text 0
1048 686 1254 678 1256 728 1050 735 text 0
1263 682 1361 675 1365 721 1266 728 text 0
327 964 328 900 485 904 484 967 text 0
632 960 633 907 805 911 804 964 text 0
823 904 1012 900 1013 953 824 957 text 0
1024 900 1134 897 1136 960 1026 964 text 0
334 1291 337 1224 418 1228 415 1295 text 0
615 1263 615 1206 805 1206 805 1263 text 0
826 1203 897 1203 897 1259 826 1259 text 0
911 1206 957 1203 960 1256 915 1259 text 0
615 1340 615 1284 753 1284 753 1340 text 0
767 1280 952 1277 953 1347 768 1351 text 0
964 1273 1101 1273 1101 1344 964 1344 text 0
1104 1333 1104 1273 1259 1273 1259 1333 text 0
