59 92 84 91 84 103 60 104 text 0
56 118 89 118 89 127 56 127 text 0
37 139 37 128 108 130 108 141 text 0
49 172 49 164 96 165 96 173 text 0
1 223 1 210 38 210 38 223 text 0
40 221 40 210 89 211 88 223 text 0
93 222 93 210 141 210 141 222 text 0
59 234 59 226 88 226 88 234 text 0
57 259 57 252 88 252 88 259 text 0
259 83 259 72 283 72 283 84 text 0
159 135 244 132 244 150 160 152 text 0
304 150 304 135 387 136 387 150 text 0
220 196 220 177 325 177 325 196 text 0
257 260 257 249 290 251 290 261 text 0
557 50 557 37 586 37 586 50 text 0
472 107 472 93 560 93 560 107 text 0
610 113 610 98 669 99 669 113 text 0
485 147 486 138 548 141 548 150 text 0
600 149 600 137 681 137 681 149 text 0
528 213 528 201 629 202 629 214 text 0
425 147 426 125 454 127 452 148 text 0
561 260 561 248 599 249 599 260 text 0
505 163 505 151 526 151 525 164 text 0
509 108 521 108 521 120 509 120 text 0
633 160 633 151 646 151 645 161 text 0
