34 3 55 3 55 20 34 20 text 0
58 4 95 3 95 20 58 20 text 0
98 4 131 4 131 19 98 19 text 0
134 3 155 3 155 19 134 19 text 0
157 3 190 2 191 18 157 19 text 0
193 20 193 4 224 4 224 20 text 0
30 115 30 40 244 40 244 115 text 0
270 101 270 15 394 16 394 102 text 0
52 254 52 121 154 122 153 255 text 0
123 539 147 539 147 551 123 551 text 0
149 539 179 538 179 551 150 552 text 0
182 538 205 538 205 550 182 550 text 0
206 538 235 538 235 550 207 551 text 0
237 540 261 540 261 551 237 552 text 0
265 540 289 540 289 553 265 553 text 0
292 550 292 540 317 540 317 550 text 0
91 543 92 518 117 518 117 543 text 0
