86 43 86 25 117 26 117 44 text 0
120 28 135 27 136 43 120 44 text 0
140 28 160 28 160 42 140 42 text 0
164 21 189 21 189 42 164 42 text 0
193 43 193 22 222 22 222 43 text 0
65 50 100 50 100 69 65 69 text 0
104 71 104 48 125 48 125 71 text 0
130 68 130 50 169 50 169 68 text 0
174 67 174 52 201 53 201 68 text 0
206 68 206 50 242 50 242 68 text 0
63 93 63 73 102 73 102 94 text 0
104 73 135 73 135 95 104 95 text 0
138 73 165 73 165 95 139 95 text 0
170 93 170 76 187 76 187 94 text 0
192 93 192 76 213 76 213 93 text 0
217 79 242 79 242 93 217 93 text 0
94 122 95 103 123 103 123 122 text 0
127 102 159 102 159 120 127 120 text 0
163 120 163 103 212 103 212 120 text 0
322 294 347 293 348 313 323 314 text 0
352 294 370 293 371 313 354 314 text 0
375 294 400 294 401 313 375 314 text 0
304 320 321 319 322 340 305 341 text 0
326 321 352 320 352 340 327 341 text 0
356 321 373 320 374 340 357 340 text 0
378 320 418 320 418 341 378 341 text 0
284 449 321 448 321 477 285 478 text 0
324 455 345 453 347 477 327 479 text 0
350 452 391 450 392 478 351 480 text 0
261 504 262 481 307 484 306 506 text 0
310 485 344 485 344 512 310 512 text 0
346 508 347 487 378 489 377 510 text 0
379 511 381 487 424 491 422 514 text 0
38 577 39 556 58 556 58 578 text 0
62 579 62 561 94 562 93 580 text 0
31 602 31 586 71 587 71 603 text 0
74 600 74 585 100 585 100 600 text 0
38 624 38 607 61 607 61 625 text 0
65 627 65 609 94 609 94 627 text 0
35 649 35 630 73 630 73 649 text 0
76 649 77 630 99 630 98 649 text 0
35 656 61 656 61 673 35 673 text 0
66 651 96 650 97 672 67 673 text 0
438 707 438 691 515 691 515 707 text 0
417 692 427 691 428 708 418 709 text 0
