63 157 80 78 245 114 228 193 text 0
240 187 260 112 411 153 390 228 text 0
412 213 428 151 561 185 545 247 text 0
52 228 58 209 89 219 84 237 text 0
89 233 96 213 128 223 121 243 text 0
124 244 131 218 197 234 190 260 text 0
194 260 202 231 264 248 256 277 text 0
257 272 263 250 312 264 306 286 text 0
308 281 319 260 337 270 326 291 text 0
334 289 340 268 374 278 369 299 text 0
371 297 378 276 411 287 403 308 text 0
405 308 413 283 463 299 456 323 text 0
42 254 48 235 95 249 89 268 text 0
96 265 102 248 137 262 130 278 text 0
136 281 139 261 204 272 201 292 text 0
200 291 209 269 240 280 231 303 text 0
238 299 246 277 287 291 279 313 text 0
283 310 292 283 338 297 330 324 text 0
336 319 342 300 389 315 382 334 text 0
386 329 395 306 439 322 431 345 text 0
35 285 42 264 87 280 80 301 text 0
86 297 92 276 169 298 164 318 text 0
168 318 175 295 226 311 220 334 text 0
24 328 33 304 97 328 88 352 text 0
96 343 104 323 142 337 134 358 text 0
143 350 150 332 198 349 191 368 text 0
199 364 206 346 244 359 238 377 text 0
245 376 251 354 310 370 304 391 text 0
309 388 315 367 354 378 348 399 text 0
351 395 358 374 406 390 400 411 text 0
406 409 412 386 450 395 445 419 text 0
442 416 448 396 485 407 479 427 text 0
16 354 25 336 45 346 36 365 text 0
42 362 50 338 68 344 60 368 text 0
65 369 71 346 132 361 127 384 text 0
130 381 137 355 186 369 179 394 text 0
184 394 190 370 252 386 245 411 text 0
