127 7 140 5 141 13 129 16 text 0
139 5 152 3 154 11 141 14 text 0
153 2 166 0 168 8 155 11 text 0
167 0 178 -2 180 5 169 7 text 0
106 21 114 19 116 28 108 29 text 0
116 20 128 18 129 27 117 28 text 0
129 18 146 15 147 24 130 26 text 0
146 14 159 12 161 20 147 22 text 0
160 11 181 7 183 16 162 20 text 0
182 6 196 4 197 14 183 16 text 0
196 4 205 3 207 11 197 12 text 0
206 2 219 0 220 9 208 10 text 0
102 146 113 145 113 156 103 156 text 0
114 146 127 144 128 153 115 155 text 0
127 144 144 143 145 152 128 154 text 0
145 142 163 140 164 150 146 152 text 0
163 140 179 139 180 149 164 150 text 0
194 39 239 36 243 95 198 98 text 0
248 48 358 33 364 74 254 88 text 0
366 26 485 10 493 68 374 84 text 0
194 107 265 102 268 151 197 156 text 0
272 96 355 88 359 132 276 141 text 0
195 158 269 152 271 184 198 189 text 0
272 145 357 137 361 179 276 187 text 0
358 88 527 72 535 159 366 174 text 0
197 220 198 207 213 208 212 221 text 0
214 220 214 206 235 207 235 220 text 0
237 218 237 205 264 205 264 218 text 0
266 215 267 202 278 203 277 216 text 0
281 214 281 200 315 201 314 215 text 0
316 211 318 198 324 199 323 212 text 0
325 199 351 198 352 211 326 212 text 0
353 197 385 195 386 208 353 209 text 0
