226 255 251 254 252 274 227 275 text 0
179 322 179 309 206 309 206 322 text 0
255 252 287 250 288 269 257 271 text 0
290 246 331 240 334 258 292 264 text 0
336 242 359 237 363 254 339 259 text 0
364 238 414 230 417 246 366 254 text 0
419 231 451 226 454 241 421 246 text 0
454 227 475 223 479 241 458 245 text 0
482 224 508 221 510 237 483 240 text 0
511 221 551 215 553 230 513 236 text 0
226 275 293 266 296 285 229 294 text 0
298 269 327 267 328 288 299 290 text 0
329 264 364 261 366 282 331 285 text 0
367 261 413 256 414 273 369 278 text 0
415 255 464 249 466 269 418 274 text 0
466 250 523 243 525 261 468 268 text 0
526 242 554 238 556 255 529 259 text 0
228 304 267 302 267 318 229 320 text 0
269 304 300 300 302 315 271 319 text 0
356 294 397 288 399 302 358 308 text 0
400 291 426 287 428 300 402 304 text 0
481 280 532 273 534 290 483 296 text 0
535 288 535 269 556 269 556 288 text 0
532 422 607 399 613 418 538 441 text 0
610 396 648 386 652 405 615 414 text 0
647 382 691 368 697 389 653 402 text 0
697 368 750 352 755 369 703 385 text 0
756 343 819 325 825 345 762 363 text 0
824 322 902 298 908 317 829 340 text 0
908 293 946 281 952 301 914 313 text 0
165 828 377 816 381 886 169 899 text 0
393 834 553 829 555 884 394 889 text 0
235 923 432 918 435 995 237 1001 text 0
459 917 637 911 640 1010 463 1015 text 0
671 904 886 896 890 1000 674 1007 text 0
552 1017 715 1010 718 1079 555 1086 text 0
737 1020 926 1011 929 1074 740 1083 text 0
273 1216 321 1215 321 1235 274 1236 text 0
325 1216 370 1215 371 1235 325 1236 text 0
374 1213 432 1209 433 1236 376 1240 text 0
437 1214 485 1210 486 1232 438 1235 text 0
310 1273 310 1254 350 1254 350 1273 text 0
355 1272 355 1254 392 1254 392 1272 text 0
395 1254 444 1253 445 1275 396 1277 text 0
447 1251 505 1250 505 1275 447 1277 text 0
843 1126 936 1122 937 1151 844 1155 text 0
943 1149 944 1124 1013 1125 1013 1151 text 0
1019 1125 1100 1121 1102 1155 1020 1158 text 0
1105 1119 1134 1117 1137 1148 1107 1150 text 0
1139 1116 1261 1115 1261 1145 1140 1146 text 0
873 1205 874 1173 955 1176 953 1209 text 0
957 1207 957 1173 1044 1174 1044 1208 text 0
1050 1199 1051 1172 1153 1175 1152 1202 text 0
1159 1194 1159 1171 1202 1172 1202 1195 text 0
872 1241 872 1216 960 1218 960 1244 text 0
965 1245 968 1213 1028 1219 1024 1251 text 0
1031 1244 1033 1212 1103 1217 1101 1248 text 0
1107 1237 1108 1209 1176 1211 1175 1239 text 0
873 1286 875 1255 921 1257 919 1289 text 0
924 1284 926 1248 1023 1253 1021 1289 text 0
1025 1283 1026 1252 1131 1254 1130 1284 text 0
1135 1279 1136 1251 1180 1253 1179 1281 text 0
875 1320 876 1295 920 1297 919 1322 text 0
926 1323 926 1293 1004 1295 1003 1326 text 0
1006 1324 1007 1293 1111 1295 1110 1327 text 0
1115 1320 1116 1292 1159 1293 1158 1321 text 0
902 1357 999 1356 1000 1387 902 1388 text 0
1005 1360 1077 1360 1077 1387 1005 1387 text 0
1083 1360 1144 1358 1145 1385 1084 1387 text 0
1153 1359 1273 1359 1273 1388 1153 1388 text 0
993 1431 995 1400 1077 1407 1074 1438 text 0
1080 1438 1081 1402 1168 1404 1167 1440 text 0
1174 1432 1177 1399 1283 1406 1281 1439 text 0
1285 1435 1287 1405 1330 1407 1328 1438 text 0
992 1472 993 1441 1082 1445 1080 1477 text 0
1086 1475 1088 1444 1152 1449 1150 1479 text 0
1153 1477 1155 1445 1231 1450 1228 1482 text 0
1236 1473 1238 1442 1303 1446 1301 1477 text 0
309 1293 352 1291 353 1308 310 1310 text 0
356 1293 393 1291 394 1310 357 1313 text 0
397 1292 423 1291 424 1307 398 1308 text 0
426 1292 474 1288 476 1310 428 1314 text 0
477 1291 512 1288 514 1312 479 1314 text 0
515 1291 550 1291 550 1310 515 1310 text 0
555 1287 599 1287 599 1305 555 1305 text 0
602 1288 629 1287 630 1307 602 1308 text 0
631 1283 656 1282 657 1304 632 1305 text 0
661 1287 686 1286 687 1303 662 1304 text 0
313 1347 313 1328 352 1328 352 1347 text 0
357 1346 357 1329 396 1329 396 1346 text 0
398 1330 424 1329 425 1347 399 1349 text 0
426 1327 476 1324 477 1347 428 1350 text 0
482 1347 482 1329 513 1329 513 1347 text 0
515 1328 554 1326 555 1345 516 1346 text 0
553 1326 599 1324 600 1342 555 1345 text 0
603 1327 632 1326 632 1346 604 1347 text 0
634 1321 658 1319 661 1344 636 1346 text 0
663 1326 684 1326 684 1344 663 1344 text 0
313 1366 335 1366 335 1386 313 1386 text 0
338 1366 392 1366 392 1389 338 1389 text 0
396 1366 428 1366 428 1384 396 1384 text 0
431 1384 431 1366 496 1367 495 1386 text 0
497 1366 540 1363 541 1383 498 1386 text 0
364 1436 364 1410 398 1410 398 1436 text 0
401 1436 402 1411 461 1413 461 1437 text 0
462 1435 462 1413 495 1413 495 1435 text 0
499 1435 499 1410 526 1410 526 1435 text 0
530 1436 530 1410 573 1410 573 1436 text 0
576 1413 603 1411 604 1436 577 1437 text 0
606 1409 659 1408 660 1435 606 1436 text 0
661 1435 662 1410 722 1413 721 1437 text 0
725 1434 726 1407 777 1408 777 1435 text 0
364 1460 364 1440 405 1440 405 1460 text 0
409 1440 440 1440 440 1460 409 1460 text 0
364 1510 364 1490 399 1492 399 1511 text 0
403 1492 446 1489 447 1509 404 1511 text 0
454 1511 455 1489 507 1492 505 1514 text 0
515 1493 568 1492 568 1515 515 1516 text 0
576 1515 576 1490 606 1490 606 1515 text 0
614 1490 642 1490 642 1514 614 1514 text 0
647 1513 650 1492 703 1498 700 1520 text 0
709 1490 744 1489 745 1514 710 1515 text 0
752 1513 752 1492 780 1492 780 1513 text 0
362 1518 418 1515 419 1542 364 1545 text 0
423 1539 424 1515 490 1519 489 1542 text 0
490 1538 491 1516 545 1518 545 1540 text 0
550 1537 551 1515 583 1516 582 1539 text 0
584 1546 584 1519 662 1519 662 1546 text 0
663 1519 706 1519 706 1545 663 1545 text 0
711 1542 711 1519 757 1519 757 1542 text 0
469 1614 470 1587 549 1589 549 1616 text 0
553 1615 553 1590 600 1590 600 1615 text 0
608 1617 608 1590 646 1590 646 1617 text 0
652 1615 653 1592 699 1594 698 1617 text 0
702 1619 703 1590 745 1592 745 1620 text 0
751 1622 752 1593 797 1594 796 1624 text 0
799 1592 817 1590 820 1618 801 1620 text 0
822 1620 822 1590 914 1590 914 1620 text 0
512 1642 513 1617 584 1620 583 1645 text 0
586 1643 586 1622 619 1622 619 1643 text 0
622 1646 623 1621 658 1622 657 1647 text 0
661 1646 662 1622 717 1625 716 1649 text 0
716 1648 717 1624 773 1626 772 1651 text 0
774 1627 840 1627 840 1652 774 1652 text 0
841 1627 868 1623 872 1647 844 1651 text 0
510 1670 510 1647 550 1647 550 1670 text 0
554 1649 569 1647 572 1672 556 1673 text 0
574 1672 574 1651 618 1651 618 1672 text 0
618 1674 619 1650 682 1651 682 1675 text 0
684 1674 687 1653 709 1656 706 1677 text 0
710 1653 746 1652 747 1674 711 1675 text 0
751 1675 752 1653 795 1656 794 1678 text 0
798 1678 799 1654 876 1656 875 1679 text 0
523 1700 524 1677 569 1678 568 1701 text 0
573 1701 573 1678 626 1678 626 1701 text 0
630 1704 631 1680 669 1682 668 1705 text 0
673 1682 708 1680 709 1706 674 1708 text 0
714 1705 715 1683 780 1685 779 1707 text 0
781 1706 782 1684 866 1687 865 1709 text 0
272 1828 276 1799 363 1812 359 1841 text 0
364 1832 367 1803 420 1809 417 1838 text 0
421 1834 424 1808 465 1812 462 1838 text 0
467 1835 469 1810 512 1813 510 1838 text 0
518 1838 521 1812 533 1814 529 1839 text 0
540 1838 542 1809 613 1814 611 1843 text 0
616 1843 618 1813 825 1823 824 1853 text 0
836 1851 837 1823 846 1823 844 1852 text 0
852 1851 853 1821 958 1826 957 1856 text 0
959 1857 961 1825 1231 1841 1229 1872 text 0
