73 54 73 38 155 38 155 54 text 0
161 40 179 40 179 56 161 56 text 0
82 117 82 107 117 108 116 118 text 0
164 76 216 75 216 119 164 120 text 0
280 220 717 202 723 360 287 379 text 0
362 360 607 355 610 487 365 493 text 0
415 1028 415 1013 477 1013 477 1028 text 0
481 1013 584 1013 584 1029 481 1029 text 0
269 1070 269 1054 307 1055 306 1071 text 0
313 1054 335 1054 335 1071 313 1071 text 0
363 1054 487 1053 487 1071 363 1072 text 0
515 1071 515 1055 623 1056 623 1072 text 0
657 1071 657 1054 731 1054 731 1071 text 0
144 1076 199 1075 199 1098 144 1099 text 0
202 1096 202 1080 241 1082 240 1098 text 0
245 1079 282 1079 282 1097 245 1097 text 0
311 1096 311 1080 359 1081 359 1097 text 0
365 1099 365 1080 392 1080 392 1099 text 0
396 1080 442 1080 442 1096 396 1096 text 0
469 1097 469 1080 528 1080 528 1097 text 0
533 1080 602 1080 602 1099 533 1099 text 0
632 1080 689 1080 689 1100 632 1100 text 0
695 1077 743 1077 743 1098 695 1098 text 0
746 1096 746 1078 793 1078 793 1096 text 0
798 1080 854 1080 854 1097 798 1097 text 0
256 1106 281 1106 281 1124 256 1124 text 0
285 1123 285 1106 316 1106 316 1123 text 0
322 1123 322 1107 418 1107 418 1123 text 0
445 1124 445 1104 476 1104 476 1124 text 0
479 1103 507 1103 507 1126 479 1126 text 0
535 1104 563 1103 564 1124 536 1125 text 0
569 1103 625 1103 625 1124 569 1124 text 0
629 1124 630 1105 687 1106 687 1125 text 0
690 1123 690 1104 746 1104 746 1123 text 0
359 1132 419 1132 419 1151 359 1151 text 0
423 1129 481 1128 481 1150 423 1151 text 0
486 1128 526 1128 526 1150 486 1150 text 0
529 1136 538 1135 539 1143 530 1144 text 0
543 1132 600 1132 600 1155 543 1155 text 0
604 1150 604 1132 641 1132 641 1150 text 0
215 1276 255 1189 312 1215 271 1302 text 0
303 1274 320 1219 361 1232 344 1287 text 0
353 1280 354 1216 449 1219 447 1282 text 0
449 1260 450 1246 478 1248 477 1263 text 0
475 1276 476 1219 563 1221 562 1278 text 0
556 1276 558 1214 776 1221 774 1283 text 0
242 1294 292 1293 293 1312 242 1313 text 0
303 1292 316 1292 316 1313 303 1313 text 0
328 1298 340 1298 340 1309 328 1309 text 0
349 1313 349 1293 399 1293 399 1313 text 0
409 1294 452 1294 452 1315 409 1315 text 0
463 1316 463 1293 511 1293 511 1316 text 0
525 1310 525 1290 589 1291 589 1311 text 0
600 1295 642 1295 642 1313 600 1313 text 0
652 1312 652 1292 687 1293 687 1313 text 0
698 1312 699 1293 755 1295 754 1314 text 0
953 1238 972 1238 972 1316 953 1316 text 0
952 1230 953 1215 972 1216 971 1231 text 0
952 1104 972 1104 972 1207 952 1207 text 0
953 1073 973 1073 973 1098 953 1098 text 0
947 1067 947 1012 980 1012 980 1067 text 0
