142 126 229 126 229 163 142 163 text 0
238 121 381 115 382 153 240 158 text 0
131 185 271 179 274 258 134 263 text 0
277 250 277 160 583 160 583 250 text 0
860 290 860 256 926 256 926 290 text 0
129 464 129 427 242 427 242 464 text 0
408 424 525 422 525 453 409 456 text 0
133 472 231 469 232 501 134 504 text 0
410 467 509 464 510 493 411 496 text 0
828 332 829 298 961 300 960 335 text 0
1214 274 1343 274 1343 308 1214 308 text 0
1601 266 1777 261 1778 292 1601 298 text 0
802 620 802 580 979 583 979 622 text 0
1191 586 1379 580 1380 614 1192 620 text 0
1612 580 1797 580 1797 612 1612 612 text 0
791 659 793 627 863 630 861 662 text 0
868 662 868 630 984 630 984 662 text 0
1218 628 1345 625 1346 657 1219 659 text 0
1615 622 1786 622 1786 654 1615 654 text 0
108 754 108 715 190 715 190 754 text 0
201 717 312 712 314 752 203 757 text 0
101 760 374 744 381 848 108 865 text 0
375 786 625 781 627 868 377 873 text 0
195 1174 200 1140 258 1148 253 1182 text 0
259 1182 261 1148 345 1153 343 1187 text 0
369 1150 419 1150 419 1182 369 1182 text 0
419 1182 429 1143 456 1150 446 1189 text 0
269 1224 270 1192 324 1195 322 1227 text 0
327 1195 372 1195 372 1227 327 1227 text 0
577 1203 577 1166 694 1166 694 1203 text 0
702 1206 702 1161 762 1161 762 1206 text 0
939 1206 939 1169 1029 1169 1029 1206 text 0
1037 1214 1037 1169 1113 1169 1113 1214 text 0
1369 950 1686 950 1686 979 1369 979 text 0
