80 176 82 93 527 101 525 185 text 0
78 376 79 285 568 292 567 382 text 0
80 479 590 479 590 556 80 556 text 0
628 141 629 114 666 116 665 142 text 0
671 117 788 116 789 142 671 143 text 0
795 114 881 113 881 141 795 142 text 0
635 170 635 149 676 149 676 171 text 0
680 149 749 148 750 171 681 172 text 0
749 152 818 150 818 171 749 172 text 0
823 149 878 149 878 172 824 173 text 0
882 152 923 149 924 170 884 173 text 0
925 144 949 143 951 172 926 173 text 0
952 152 967 151 969 173 953 174 text 0
972 146 1042 145 1042 171 973 171 text 0
1045 147 1128 147 1128 174 1046 174 text 0
629 333 630 311 670 313 670 335 text 0
672 337 672 309 791 312 790 340 text 0
796 334 797 309 851 310 851 335 text 0
632 342 658 341 659 367 632 368 text 0
662 368 662 343 703 343 703 368 text 0
710 343 785 343 785 367 710 367 text 0
788 365 790 339 827 340 826 367 text 0
826 343 872 343 873 369 827 369 text 0
878 345 963 343 964 367 878 369 text 0
966 345 1045 343 1046 367 967 369 text 0
1048 343 1086 343 1086 367 1048 368 text 0
1087 342 1110 340 1112 368 1090 370 text 0
633 531 633 502 732 502 732 531 text 0
734 509 847 508 847 530 734 531 text 0
847 530 848 504 894 506 893 531 text 0
894 529 894 504 981 504 981 529 text 0
982 531 982 504 1078 504 1078 531 text 0
635 539 715 539 716 556 635 556 text 0
717 535 759 534 759 557 718 558 text 0
756 558 756 536 776 536 776 558 text 0
782 558 783 536 855 538 854 560 text 0
858 537 878 536 879 558 859 559 text 0
881 558 881 539 942 540 941 559 text 0
944 539 1000 538 1000 558 944 559 text 0
858 337 858 312 920 312 920 337 text 0
