81 41 98 34 107 57 90 64 text 0
108 36 124 30 131 48 115 54 text 0
133 28 143 25 149 42 139 45 text 0
151 23 168 17 174 32 158 39 text 0
176 13 195 5 202 21 183 29 text 0
227 48 261 37 269 64 235 74 text 0
265 35 350 3 362 37 277 69 text 0
118 116 246 71 260 111 132 157 text 0
259 80 365 41 378 75 272 114 text 0
168 153 202 139 216 171 181 185 text 0
211 134 279 108 293 143 225 170 text 0
294 109 379 72 398 114 313 152 text 0
186 185 321 137 334 174 199 222 text 0
333 134 396 110 410 147 347 170 text 0
237 271 252 267 255 281 240 285 text 0
255 265 269 261 274 274 260 279 text 0
272 260 308 248 313 263 277 274 text 0
311 246 333 238 338 252 316 260 text 0
335 239 360 229 364 241 340 250 text 0
362 228 379 221 384 233 367 240 text 0
383 222 396 217 400 227 387 233 text 0
399 213 430 204 434 216 403 226 text 0
277 275 316 263 320 276 281 288 text 0
319 263 355 248 361 261 325 276 text 0
357 247 376 241 380 253 361 259 text 0
377 240 403 230 409 244 382 254 text 0
404 229 435 218 439 230 408 241 text 0
239 306 274 298 277 311 242 319 text 0
276 293 292 288 296 299 280 305 text 0
291 287 322 276 326 289 296 300 text 0
325 275 342 270 345 283 328 288 text 0
344 267 373 259 376 274 348 281 text 0
375 256 388 252 392 268 379 272 text 0
392 250 413 243 417 256 397 263 text 0
418 241 441 233 445 245 423 254 text 0
390 371 420 360 424 371 394 382 text 0
420 358 445 349 449 361 425 370 text 0
446 348 470 341 473 353 450 361 text 0
470 339 485 333 490 343 475 350 text 0
