343 157 343 143 376 143 376 157 text 0
379 157 379 144 412 145 411 158 text 0
83 242 84 227 109 228 108 244 text 0
111 240 112 226 124 227 122 241 text 0
127 241 127 225 149 225 149 241 text 0
150 227 173 226 173 241 150 242 text 0
174 242 175 226 200 228 199 244 text 0
201 241 203 225 218 227 216 243 text 0
81 243 111 242 111 260 81 261 text 0
113 262 114 244 138 245 137 263 text 0
140 249 164 247 165 260 141 261 text 0
167 263 167 245 191 246 191 263 text 0
192 245 223 245 223 262 192 263 text 0
100 281 100 266 126 266 126 282 text 0
128 281 128 263 153 263 153 281 text 0
155 281 155 265 202 266 201 282 text 0
266 224 283 224 283 238 266 238 text 0
285 239 285 223 306 224 305 240 text 0
307 240 308 222 333 224 332 241 text 0
335 224 352 224 352 240 335 240 text 0
354 223 371 223 371 239 355 239 text 0
372 224 393 222 394 238 374 240 text 0
396 241 397 224 421 225 421 242 text 0
271 245 288 244 289 258 271 259 text 0
290 244 311 241 313 257 292 260 text 0
314 241 342 239 343 258 315 259 text 0
346 245 368 245 368 258 346 258 text 0
370 260 370 244 391 244 391 260 text 0
393 258 393 244 419 244 419 258 text 0
292 278 292 263 321 263 321 278 text 0
323 264 349 264 349 276 323 276 text 0
349 277 350 261 374 262 373 278 text 0
377 261 396 261 396 277 377 277 text 0
143 452 143 438 165 438 164 452 text 0
167 439 188 437 189 451 169 453 text 0
191 453 191 437 209 437 209 453 text 0
213 453 213 438 245 438 245 453 text 0
146 475 147 457 158 458 157 475 text 0
161 457 212 453 213 475 162 478 text 0
213 454 240 452 241 475 214 476 text 0
