342 412 741 316 843 741 444 837 text 0
578 763 844 397 1041 540 776 906 text 0
855 608 1106 434 1186 549 935 723 text 0
506 849 1143 642 1239 937 602 1144 text 0
990 669 1406 488 1576 880 1160 1061 text 0
706 1107 975 937 1015 1001 746 1171 text 0
766 1174 1085 924 1145 1001 827 1251 text 0
461 1959 481 1947 487 1958 468 1969 text 0
483 1949 506 1933 513 1943 489 1959 text 0
506 1932 525 1920 533 1934 515 1946 text 0
469 1971 486 1962 492 1973 475 1982 text 0
487 1961 506 1950 512 1960 492 1971 text 0
507 1949 526 1937 534 1949 515 1962 text 0
374 2016 400 2000 410 2017 385 2033 text 0
404 2001 432 1984 441 1999 413 2016 text 0
1228 2106 1249 2097 1255 2113 1234 2122 text 0
1255 2090 1329 2059 1338 2081 1264 2111 text 0
1287 2107 1436 2043 1446 2066 1297 2131 text 0
1238 2163 1465 2074 1471 2089 1243 2178 text 0
1723 1586 1730 1543 1785 1552 1779 1595 text 0
