316 240 328 239 329 256 317 257 text 0
334 254 334 240 347 240 347 254 text 0
351 239 363 238 365 255 353 256 text 0
369 238 381 237 382 255 370 256 text 0
386 253 387 239 393 240 392 254 text 0
326 269 326 260 353 261 353 270 text 0
358 268 358 259 383 259 383 268 text 0
477 233 478 164 731 165 731 234 text 0
752 233 752 164 983 164 983 233 text 0
643 245 732 245 732 272 643 272 text 0
742 272 742 244 819 244 819 272 text 0
300 359 301 340 322 341 321 359 text 0
325 340 368 340 368 360 326 360 text 0
371 360 371 339 412 340 411 360 text 0
588 339 619 339 619 358 588 358 text 0
626 359 626 339 657 340 657 359 text 0
662 340 672 340 672 359 662 359 text 0
679 340 710 340 710 358 679 358 text 0
861 340 922 340 922 359 861 359 text 0
925 340 992 340 993 359 925 359 text 0
311 766 312 757 330 758 330 767 text 0
311 768 330 767 330 776 311 777 text 0
191 729 191 720 204 720 204 729 text 0
183 740 184 729 198 730 198 740 text 0
200 739 200 730 208 730 208 739 text 0
