193 75 195 26 271 29 269 78 text 0
277 80 279 28 385 32 383 85 text 0
389 86 392 45 417 46 415 87 text 0
424 88 424 32 496 33 495 88 text 0
504 94 505 53 576 53 575 95 text 0
416 185 417 101 570 104 569 187 text 0
196 177 199 94 400 100 397 184 text 0
28 173 29 158 60 159 60 174 text 0
63 174 64 155 86 156 85 175 text 0
88 174 88 159 133 161 133 176 text 0
136 177 136 159 179 161 179 178 text 0
26 226 27 187 64 187 63 227 text 0
67 225 67 185 109 185 109 225 text 0
113 224 114 190 183 192 182 225 text 0
187 227 187 198 236 199 235 228 text 0
237 217 237 212 244 212 244 217 text 0
43 250 43 233 56 234 55 251 text 0
58 252 59 230 100 232 99 253 text 0
101 254 102 234 118 235 118 254 text 0
122 255 122 237 149 237 149 256 text 0
152 254 153 238 192 239 192 255 text 0
195 236 216 236 216 257 195 257 text 0
219 256 219 237 235 237 235 256 text 0
237 257 237 235 261 235 260 258 text 0
262 258 262 237 286 238 285 258 text 0
247 227 248 195 303 196 302 228 text 0
306 230 306 196 345 196 344 230 text 0
346 231 348 201 376 203 374 233 text 0
377 222 377 217 385 217 385 222 text 0
386 233 386 199 458 201 457 234 text 0
290 249 298 249 298 253 290 253 text 0
302 261 303 239 337 240 336 261 text 0
338 262 338 241 359 242 359 262 text 0
360 259 361 239 392 240 392 260 text 0
459 234 460 201 514 202 514 235 text 0
518 203 571 203 571 237 518 237 text 0
419 244 445 243 446 262 419 262 text 0
448 246 469 246 470 261 448 262 text 0
471 261 471 245 493 246 493 262 text 0
493 258 494 254 500 256 500 259 text 0
501 263 501 246 527 246 527 263 text 0
529 264 529 247 550 247 550 264 text 0
552 248 574 248 574 265 552 265 text 0
