227 117 227 86 270 86 270 117 text 0
274 88 328 84 330 111 276 115 text 0
337 86 411 81 413 108 339 113 text 0
417 86 461 84 462 106 418 108 text 0
465 84 496 84 496 106 465 106 text 0
500 79 532 75 536 106 503 110 text 0
543 79 585 77 586 106 544 108 text 0
590 104 590 79 653 79 653 104 text 0
227 122 349 120 350 148 227 149 text 0
360 124 413 122 414 151 361 153 text 0
420 122 492 122 492 151 420 151 text 0
501 120 593 119 594 144 502 146 text 0
601 120 690 117 691 148 603 151 text 0
695 117 803 110 805 139 697 146 text 0
810 115 857 115 857 140 810 140 text 0
553 274 933 272 934 425 554 427 text 0
260 462 693 457 695 608 261 613 text 0
756 455 1251 455 1251 604 756 604 text 0
651 651 833 648 834 702 652 706 text 0
247 830 463 826 464 884 248 888 text 0
243 906 352 899 354 939 246 946 text 0
363 904 463 902 464 944 364 946 text 0
984 935 985 845 1154 846 1153 937 text 0
247 989 247 953 462 953 462 989 text 0
599 911 752 908 755 996 601 1000 text 0
984 951 1119 951 1119 991 984 991 text 0
1135 946 1295 944 1296 998 1136 1000 text 0
598 1005 752 1004 752 1050 599 1052 text 0
771 1050 771 1009 837 1009 837 1050 text 0
227 1159 341 1159 341 1184 227 1184 text 0
350 1187 352 1161 408 1164 406 1191 text 0
407 1186 408 1159 472 1161 471 1188 text 0
185 1217 185 1191 264 1193 263 1218 text 0
272 1193 352 1193 352 1220 272 1220 text 0
359 1217 359 1195 456 1195 456 1217 text 0
464 1195 513 1193 514 1217 464 1218 text 0
781 1078 1204 1078 1204 1179 781 1179 text 0
776 1231 777 1186 860 1188 859 1233 text 0
873 1185 969 1182 971 1242 875 1245 text 0
984 1188 1115 1188 1115 1245 984 1245 text 0
1132 1186 1251 1182 1253 1238 1134 1242 text 0
623 1287 673 1283 675 1312 624 1315 text 0
682 1318 682 1283 749 1283 749 1318 text 0
754 1282 841 1282 841 1312 754 1312 text 0
622 1444 626 1381 680 1384 677 1447 text 0
687 1442 696 1381 749 1388 740 1450 text 0
760 1440 768 1383 814 1390 806 1447 text 0
634 1542 686 1540 687 1570 635 1572 text 0
695 1545 760 1545 760 1578 695 1578 text 0
767 1574 767 1545 834 1545 834 1574 text 0
281 1664 283 1628 362 1632 361 1668 text 0
368 1670 370 1630 505 1636 503 1676 text 0
557 1682 558 1628 887 1632 886 1686 text 0
976 1701 976 1621 1218 1621 1218 1701 text 0
1037 1708 1038 1686 1216 1693 1215 1715 text 0
621 1787 622 1755 677 1758 675 1790 text 0
687 1789 687 1758 753 1760 752 1791 text 0
758 1787 758 1753 852 1753 852 1787 text 0
332 1887 333 1847 477 1852 476 1892 text 0
362 1908 363 1888 453 1890 453 1910 text 0
650 1890 650 1854 818 1858 818 1894 text 0
691 1917 691 1901 769 1901 769 1917 text 0
1010 1912 1011 1863 1158 1865 1157 1914 text 0
