597 248 748 246 748 283 598 285 text 0
104 566 104 537 275 537 275 567 text 0
600 562 600 530 711 530 711 562 text 0
755 558 755 529 897 531 897 560 text 0
804 893 805 860 863 861 862 894 text 0
864 893 865 864 1028 865 1028 894 text 0
844 954 907 953 908 984 844 985 text 0
914 956 960 956 960 986 914 986 text 0
962 986 963 953 1062 955 1061 989 text 0
1064 983 1064 958 1220 960 1219 985 text 0
1225 959 1273 957 1274 988 1226 990 text 0
1275 956 1345 954 1346 985 1276 988 text 0
840 1001 953 1000 953 1034 840 1035 text 0
962 1034 963 1002 1029 1005 1028 1036 text 0
848 1078 848 1046 899 1046 899 1078 text 0
903 1052 945 1051 946 1082 904 1083 text 0
952 1074 952 1052 976 1052 976 1074 text 0
980 1047 1056 1046 1057 1076 980 1077 text 0
1060 1078 1060 1049 1127 1050 1126 1079 text 0
1132 1053 1249 1051 1249 1077 1133 1080 text 0
1255 1051 1289 1049 1291 1079 1257 1081 text 0
1290 1054 1354 1049 1356 1076 1292 1081 text 0
849 1094 901 1092 902 1123 850 1125 text 0
595 343 651 341 652 371 596 373 text 0
657 340 753 339 753 373 657 374 text 0
758 374 758 341 905 342 905 375 text 0
909 372 909 341 957 341 956 373 text 0
963 348 1022 346 1023 374 963 376 text 0
1033 350 1080 349 1080 372 1033 373 text 0
1086 345 1198 344 1198 373 1086 375 text 0
596 389 655 388 655 419 596 420 text 0
654 421 655 386 694 386 694 421 text 0
700 392 822 391 822 423 700 425 text 0
827 389 875 388 876 423 828 423 text 0
883 418 884 386 941 388 940 419 text 0
946 394 963 394 964 421 947 421 text 0
966 390 1105 388 1105 417 966 419 text 0
593 465 594 436 692 436 691 466 text 0
694 435 725 432 727 463 696 466 text 0
729 437 789 437 789 467 730 468 text 0
796 439 859 438 860 467 797 467 text 0
103 626 166 622 168 656 105 659 text 0
219 657 220 623 315 628 313 661 text 0
318 653 319 622 477 626 476 657 text 0
478 626 549 622 551 663 480 667 text 0
554 631 617 628 618 656 555 658 text 0
624 631 731 629 732 652 625 654 text 0
741 630 796 629 796 656 742 657 text 0
802 628 855 627 856 654 802 655 text 0
107 672 158 671 159 702 108 703 text 0
161 678 205 676 206 699 162 702 text 0
214 675 296 674 296 702 214 703 text 0
303 671 433 669 433 700 303 703 text 0
434 699 435 672 466 673 465 700 text 0
470 701 473 678 501 680 499 703 text 0
508 701 508 677 568 678 568 701 text 0
575 699 575 675 679 675 679 699 text 0
682 675 715 675 715 700 682 701 text 0
813 669 840 668 841 702 815 703 text 0
847 700 847 672 909 673 909 701 text 0
106 722 151 721 151 748 106 748 text 0
153 720 233 718 234 746 154 748 text 0
240 748 240 721 372 722 372 748 text 0
438 719 483 718 484 750 439 751 text 0
486 720 507 719 508 747 488 748 text 0
509 723 590 721 591 747 510 749 text 0
597 718 698 716 699 748 598 750 text 0
705 721 827 721 827 749 705 749 text 0
827 748 827 718 861 718 861 748 text 0
104 768 167 768 167 794 105 794 text 0
167 794 168 768 232 769 232 795 text 0
720 675 802 675 802 705 720 705 text 0
382 724 431 724 431 753 382 753 text 0
171 629 214 627 215 657 173 659 text 0
