22 58 70 45 73 57 25 70 text 0
73 48 85 44 87 52 76 56 text 0
89 44 122 35 124 43 91 52 text 0
126 35 168 23 170 30 128 43 text 0
172 23 191 18 193 25 174 31 text 0
193 17 238 4 241 15 196 28 text 0
53 66 101 54 104 63 56 76 text 0
103 54 115 50 118 62 106 65 text 0
119 50 153 41 156 52 121 61 text 0
156 41 215 24 217 34 159 51 text 0
32 85 81 73 83 83 35 95 text 0
83 72 93 69 95 79 86 82 text 0
96 70 131 61 134 70 99 78 text 0
134 61 167 52 170 60 137 69 text 0
171 51 212 40 214 48 173 59 text 0
218 40 246 32 248 41 221 48 text 0
29 100 51 94 53 104 31 110 text 0
55 93 108 79 111 90 58 104 text 0
111 80 151 69 153 77 113 88 text 0
154 70 213 55 215 62 156 78 text 0
216 54 255 42 258 51 218 64 text 0
41 111 53 108 55 118 43 120 text 0
57 108 86 100 88 108 59 116 text 0
89 100 147 84 149 92 91 108 text 0
149 83 158 80 162 89 153 92 text 0
163 81 188 73 191 81 166 89 text 0
192 74 236 63 238 70 194 81 text 0
237 62 250 57 253 66 240 71 text 0
13 134 43 127 45 135 15 142 text 0
44 126 68 119 70 128 46 134 text 0
70 120 105 110 108 120 73 130 text 0
109 110 145 100 148 108 111 118 text 0
150 98 161 95 164 104 153 108 text 0
165 96 199 86 202 96 168 106 text 0
203 85 231 77 234 87 206 95 text 0
234 78 281 62 284 73 238 89 text 0
