140 33 258 33 258 119 140 119 text 0
266 118 266 41 372 41 372 118 text 0
384 33 496 32 496 117 385 117 text 0
148 133 367 129 369 231 150 235 text 0
148 242 481 241 481 347 149 348 text 0
45 38 138 37 139 426 46 426 text 0
145 350 472 349 472 439 146 441 text 0
147 447 280 445 282 564 149 567 text 0
151 584 201 584 201 604 151 604 text 0
205 585 244 584 244 604 205 606 text 0
248 583 273 583 273 603 248 603 text 0
278 606 278 584 315 584 315 606 text 0
319 583 356 583 356 603 320 604 text 0
360 585 378 585 379 603 361 604 text 0
382 584 400 583 401 602 382 602 text 0
404 582 436 582 436 602 404 602 text 0
441 602 441 581 473 581 473 602 text 0
151 606 181 605 181 627 152 628 text 0
185 608 217 608 217 630 185 630 text 0
220 628 220 607 248 607 248 628 text 0
253 627 253 611 272 611 272 627 text 0
276 610 299 609 299 628 276 629 text 0
303 610 326 610 326 631 303 631 text 0
144 663 247 663 247 686 144 686 text 0
257 686 257 663 383 664 383 687 text 0
142 721 143 702 185 703 185 722 text 0
186 702 221 701 222 720 187 721 text 0
251 701 282 701 282 720 252 720 text 0
176 823 176 800 269 801 269 825 text 0
301 813 301 803 321 803 321 813 text 0
323 812 323 804 345 805 345 813 text 0
348 812 348 803 367 804 366 813 text 0
300 815 317 815 317 823 300 824 text 0
320 823 320 814 345 814 345 823 text 0
46 454 134 454 134 837 46 837 text 0
282 819 282 811 296 811 296 819 text 0
223 701 249 701 249 721 223 721 text 0
