644 66 673 66 673 84 644 84 text 0
636 110 636 92 684 92 684 110 text 0
280 129 304 127 306 149 282 151 text 0
311 151 311 127 346 127 346 151 text 0
215 202 215 177 239 177 239 202 text 0
182 226 182 204 217 204 217 226 text 0
223 206 271 206 271 228 223 228 text 0
203 250 204 230 245 234 243 254 text 0
570 620 570 597 601 597 601 620 text 0
552 631 597 627 599 645 553 649 text 0
603 621 616 620 618 644 605 645 text 0
496 752 546 752 546 778 496 778 text 0
496 800 496 782 542 782 542 800 text 0
422 891 422 867 470 867 470 891 text 0
410 915 411 893 438 893 437 916 text 0
444 915 444 893 470 893 470 915 text 0
472 898 489 896 490 915 474 916 text 0
415 942 415 922 448 922 448 942 text 0
452 941 453 920 484 922 483 942 text 0
420 970 420 948 476 948 476 970 text 0
66 825 68 799 92 800 90 826 text 0
91 825 92 797 132 799 131 827 text 0
35 850 36 827 67 829 66 852 text 0
63 850 64 828 94 829 93 851 text 0
92 850 93 828 144 831 143 852 text 0
145 850 146 830 166 831 165 850 text 0
42 855 82 854 82 879 43 879 text 0
83 873 86 853 104 855 101 875 text 0
46 901 47 883 96 885 95 902 text 0
104 875 105 858 154 860 153 876 text 0
97 901 98 881 126 882 125 902 text 0
126 881 154 881 154 900 126 900 text 0
38 925 38 905 90 907 90 926 text 0
90 926 93 907 110 909 108 928 text 0
111 927 114 903 132 906 128 930 text 0
133 925 133 903 160 903 160 925 text 0
65 956 65 933 97 933 97 956 text 0
97 931 134 930 135 955 97 956 text 0
