17 34 17 10 48 10 48 34 text 0
53 13 96 11 96 32 54 33 text 0
99 13 152 12 152 33 100 34 text 0
158 14 200 13 200 32 158 33 text 0
21 49 56 48 57 65 21 66 text 0
59 65 59 48 100 49 100 66 text 0
106 50 119 50 120 67 106 67 text 0
126 52 148 51 148 66 126 67 text 0
151 47 170 47 170 66 151 66 text 0
176 50 261 50 261 70 176 70 text 0
263 66 263 49 302 49 302 66 text 0
308 65 308 49 336 49 336 66 text 0
341 49 394 49 394 66 341 66 text 0
398 65 399 49 433 49 433 66 text 0
43 102 44 85 100 87 100 104 text 0
103 103 103 83 143 83 143 103 text 0
146 86 173 86 173 103 146 103 text 0
176 104 176 85 209 86 209 105 text 0
214 83 248 83 249 106 214 106 text 0
44 135 44 117 117 117 117 135 text 0
122 117 221 116 221 138 122 139 text 0
43 169 43 149 116 149 116 169 text 0
129 167 129 150 198 150 198 167 text 0
202 148 238 148 238 170 202 170 text 0
29 194 64 193 64 209 29 210 text 0
93 193 154 192 154 209 93 209 text 0
184 194 214 194 214 209 184 209 text 0
246 194 286 194 286 210 246 210 text 0
319 196 404 196 404 213 319 213 text 0
432 210 432 193 457 193 457 210 text 0
163 262 164 246 175 247 175 263 text 0
179 247 194 246 195 265 180 266 text 0
199 244 214 244 214 264 199 264 text 0
218 244 262 244 262 264 218 264 text 0
267 265 267 244 306 244 306 265 text 0
118 163 118 157 126 157 126 163 text 0
