416 168 416 141 445 141 445 168 text 0
414 183 445 183 445 209 414 209 text 0
471 157 507 153 513 201 477 206 text 0
424 227 432 227 432 237 424 237 text 0
424 248 425 239 435 240 434 249 text 0
424 254 433 253 434 261 425 262 text 0
425 265 433 265 433 275 425 275 text 0
418 313 418 290 439 290 439 313 text 0
417 320 437 318 439 342 419 343 text 0
420 350 436 349 437 368 421 368 text 0
466 54 524 47 528 79 470 86 text 0
415 83 416 59 442 60 441 84 text 0
415 101 443 100 443 127 415 128 text 0
470 106 515 102 518 139 473 143 text 0
477 214 523 214 524 254 477 255 text 0
482 270 513 268 515 296 484 298 text 0
464 319 518 314 522 364 469 369 text 0
479 386 505 382 512 424 486 428 text 0
477 445 511 442 515 485 481 488 text 0
469 757 538 756 538 779 470 779 text 0
