127 170 215 170 215 258 127 258 text 0
263 171 337 170 338 258 265 259 text 0
385 172 464 170 466 252 387 254 text 0
510 256 510 168 586 168 586 256 text 0
634 249 634 168 713 168 713 249 text 0
770 247 770 168 846 168 846 247 text 0
973 168 1072 166 1073 243 974 245 text 0
1120 243 1120 163 1204 163 1204 243 text 0
1254 164 1321 164 1321 247 1254 247 text 0
1365 161 1450 159 1451 241 1367 243 text 0
1503 164 1577 161 1581 243 1507 247 text 0
119 2163 674 1817 768 1967 212 2314 text 0
745 1832 1006 1657 1083 1771 821 1946 text 0
1031 1651 1445 1399 1511 1506 1096 1759 text 0
834 2009 952 1935 975 1972 857 2045 text 0
959 1922 995 1899 1020 1938 983 1961 text 0
1003 1894 1072 1850 1094 1885 1025 1928 text 0
900 2179 945 2143 968 2172 922 2207 text 0
950 2145 1023 2092 1047 2124 974 2177 text 0
1035 2056 1123 1992 1173 2061 1084 2125 text 0
1138 2000 1181 1973 1196 1996 1153 2024 text 0
1183 1967 1234 1935 1250 1960 1198 1992 text 0
1238 1931 1279 1899 1297 1923 1256 1955 text 0
1157 2030 1199 1998 1212 2016 1171 2048 text 0
1202 1998 1243 1966 1259 1985 1218 2018 text 0
