62 182 349 180 350 240 63 242 text 0
114 42 280 41 280 74 114 75 text 0
360 183 513 181 514 239 360 242 text 0
523 173 612 172 613 241 524 242 text 0
622 246 622 172 722 172 722 246 text 0
64 338 65 308 105 309 104 339 text 0
118 312 218 312 218 345 118 346 text 0
238 313 291 312 292 339 239 341 text 0
307 341 307 309 371 309 370 342 text 0
391 338 391 314 449 314 449 338 text 0
472 343 472 314 585 314 585 343 text 0
599 309 664 309 664 343 600 344 text 0
682 341 682 310 717 310 716 341 text 0
59 386 59 354 142 354 142 386 text 0
61 399 117 399 117 428 61 429 text 0
128 397 189 396 190 428 128 430 text 0
198 401 237 400 238 425 199 426 text 0
250 395 328 395 328 428 250 428 text 0
338 433 338 391 455 391 455 433 text 0
152 384 153 355 210 356 209 385 text 0
221 353 280 353 280 383 221 383 text 0
292 357 343 355 343 378 293 380 text 0
353 357 410 355 410 384 354 385 text 0
424 352 503 351 503 386 424 387 text 0
512 353 568 353 568 385 512 385 text 0
577 383 578 354 648 356 647 385 text 0
654 383 655 352 718 354 717 385 text 0
468 433 469 399 568 400 568 434 text 0
580 430 580 399 644 399 644 430 text 0
651 430 651 400 723 400 723 430 text 0
63 472 63 437 122 437 122 472 text 0
127 474 127 439 191 439 191 474 text 0
197 472 198 439 276 441 276 474 text 0
282 441 343 441 343 475 282 475 text 0
345 441 413 439 414 474 346 476 text 0
421 472 421 439 548 440 548 473 text 0
557 471 558 441 645 442 644 472 text 0
800 240 800 176 854 176 854 240 text 0
