60 200 170 199 170 228 61 229 text 0
84 290 85 255 139 257 138 292 text 0
141 293 141 254 198 254 198 293 text 0
205 253 272 253 272 289 205 289 text 0
275 265 408 260 409 291 276 296 text 0
417 288 418 257 482 261 480 291 text 0
485 292 485 257 543 257 543 292 text 0
87 302 160 299 162 331 88 334 text 0
168 308 314 305 315 331 169 334 text 0
313 303 349 296 355 326 319 333 text 0
358 337 358 303 447 303 447 337 text 0
724 405 724 380 777 380 777 405 text 0
781 383 880 382 880 405 781 407 text 0
394 471 394 442 496 445 495 474 text 0
89 703 159 700 160 732 90 735 text 0
167 727 167 700 192 700 192 727 text 0
198 727 198 697 331 698 331 729 text 0
337 704 428 701 429 730 338 733 text 0
432 726 432 696 533 697 532 727 text 0
539 703 605 703 605 736 539 736 text 0
503 467 503 445 534 445 534 467 text 0
542 441 619 438 620 470 544 473 text 0
525 593 526 564 633 565 632 594 text 0
639 569 706 566 707 595 640 598 text 0
717 564 852 564 852 591 717 591 text 0
623 439 673 434 676 468 626 472 text 0
681 445 737 443 738 466 682 469 text 0
746 466 747 439 821 440 821 468 text 0
827 469 827 447 847 447 847 469 text 0
391 512 392 487 554 490 553 515 text 0
560 493 611 488 613 511 562 515 text 0
617 487 701 486 701 512 617 514 text 0
705 487 797 483 798 516 706 520 text 0
