544 72 577 71 577 95 544 95 text 0
165 336 165 321 192 321 192 336 text 0
195 337 195 317 224 317 224 337 text 0
227 322 281 321 281 340 227 340 text 0
162 344 193 342 194 357 163 359 text 0
192 361 193 340 257 342 257 362 text 0
162 382 162 367 185 367 185 382 text 0
187 385 188 365 219 368 217 388 text 0
223 382 224 368 236 369 235 383 text 0
238 384 239 367 272 368 271 385 text 0
259 360 260 342 288 343 288 361 text 0
583 95 583 77 619 77 619 95 text 0
545 102 584 100 585 118 546 120 text 0
588 103 620 103 620 119 588 119 text 0
548 127 582 125 583 139 549 140 text 0
584 122 617 122 617 143 584 143 text 0
619 124 639 124 639 141 619 141 text 0
545 147 584 147 584 170 545 170 text 0
586 146 621 146 621 165 586 165 text 0
544 186 545 168 568 169 567 187 text 0
88 878 89 853 115 853 114 879 text 0
118 879 119 853 162 855 161 881 text 0
164 879 167 851 200 855 196 882 text 0
84 904 84 881 113 881 113 904 text 0
115 902 115 885 147 885 147 902 text 0
149 886 173 884 174 900 151 902 text 0
177 881 200 877 204 899 182 904 text 0
82 907 124 905 125 920 83 922 text 0
124 906 149 905 151 925 126 927 text 0
154 908 187 907 187 922 154 923 text 0
88 924 130 923 131 946 89 947 text 0
133 945 133 928 162 928 162 945 text 0
90 951 154 951 154 967 90 967 text 0
557 664 600 663 600 683 557 684 text 0
600 688 638 688 638 710 600 710 text 0
500 841 501 822 538 825 537 844 text 0
540 849 540 822 585 822 585 849 text 0
504 846 557 845 557 874 505 875 text 0
499 888 500 873 543 879 541 893 text 0
419 870 496 870 496 895 419 896 text 0
417 899 462 899 462 914 417 914 text 0
467 910 467 898 501 898 501 910 text 0
417 917 443 914 445 936 419 939 text 0
447 940 448 914 482 916 481 941 text 0
415 943 463 942 463 960 415 961 text 0
466 939 492 938 493 960 467 961 text 0
423 980 423 966 444 966 444 980 text 0
34 645 57 645 57 663 34 663 text 0
31 687 31 667 63 667 63 687 text 0
33 692 50 692 50 710 33 710 text 0
32 734 32 715 69 715 69 734 text 0
57 666 57 645 89 645 89 666 text 0
93 644 117 644 117 664 93 664 text 0
121 648 137 648 138 665 121 665 text 0
62 670 94 669 95 690 62 691 text 0
94 687 95 672 121 674 120 688 text 0
122 670 143 669 144 690 123 691 text 0
113 712 113 691 147 691 147 712 text 0
78 709 78 692 111 693 111 710 text 0
52 711 53 692 73 693 72 712 text 0
555 688 594 688 594 708 555 708 text 0
