262 70 328 70 328 88 262 88 text 0
333 70 339 70 339 85 333 85 text 0
169 150 169 116 405 117 405 151 text 0
417 141 417 131 432 132 431 141 text 0
99 197 99 158 177 158 177 197 text 0
194 195 194 164 252 165 252 196 text 0
264 195 264 159 307 160 307 196 text 0
320 160 415 160 415 196 320 196 text 0
429 154 500 154 500 197 429 197 text 0
47 279 47 258 84 259 84 280 text 0
86 279 87 259 139 262 138 283 text 0
141 278 141 260 191 260 191 278 text 0
192 283 193 260 233 261 232 283 text 0
234 279 235 259 264 260 263 281 text 0
265 280 268 261 287 264 284 282 text 0
290 278 291 259 333 262 331 281 text 0
336 278 337 261 389 263 388 281 text 0
394 278 396 261 418 264 416 281 text 0
420 280 420 263 468 263 468 280 text 0
472 262 497 262 497 282 472 282 text 0
501 265 519 265 519 279 501 279 text 0
525 281 525 264 557 264 557 281 text 0
169 310 170 289 197 290 197 310 text 0
197 293 229 292 230 312 198 313 text 0
233 308 233 292 258 293 258 309 text 0
262 308 262 290 306 292 305 310 text 0
310 310 310 290 357 290 357 310 text 0
360 313 361 289 412 291 411 315 text 0
415 290 446 290 446 310 415 310 text 0
449 313 450 291 486 292 485 315 text 0
489 290 519 290 519 310 489 310 text 0
521 291 556 290 556 312 522 313 text 0
451 343 452 319 512 321 511 345 text 0
514 340 515 321 559 323 558 341 text 0
87 410 88 389 114 390 113 410 text 0
119 389 152 389 152 410 119 410 text 0
154 410 154 390 172 390 172 410 text 0
178 392 203 391 203 410 178 410 text 0
208 415 208 392 250 392 250 415 text 0
256 413 257 390 285 391 284 413 text 0
292 415 292 392 338 393 337 416 text 0
345 392 373 392 373 410 345 410 text 0
378 394 413 393 413 410 378 411 text 0
421 410 421 391 441 391 441 410 text 0
448 412 449 390 471 391 470 413 text 0
477 410 478 394 502 394 502 411 text 0
509 411 509 393 557 393 557 412 text 0
43 424 93 424 93 444 43 444 text 0
101 442 101 419 135 419 135 442 text 0
141 441 141 419 171 419 171 441 text 0
178 423 222 423 222 441 178 441 text 0
231 425 275 425 275 444 231 444 text 0
284 441 284 422 326 422 326 441 text 0
335 440 335 424 355 424 355 440 text 0
363 423 375 423 376 440 363 441 text 0
385 440 385 422 397 422 397 440 text 0
404 444 404 423 463 424 463 444 text 0
471 425 499 424 500 443 471 444 text 0
508 444 508 423 556 423 556 444 text 0
43 470 43 451 85 451 85 470 text 0
89 471 89 454 128 454 128 471 text 0
132 473 133 454 182 455 181 474 text 0
185 469 186 451 215 452 214 470 text 0
219 452 253 452 253 469 219 469 text 0
258 451 302 451 302 474 258 474 text 0
307 453 326 453 326 469 307 469 text 0
330 469 330 452 370 453 370 470 text 0
375 453 399 453 399 470 375 470 text 0
42 499 42 480 95 481 95 500 text 0
99 501 99 483 143 483 143 501 text 0
148 485 190 485 190 499 148 499 text 0
195 484 230 484 230 503 195 503 text 0
235 483 256 483 257 499 235 500 text 0
263 504 263 484 316 484 315 505 text 0
321 504 321 484 348 484 348 504 text 0
353 499 353 480 382 480 382 499 text 0
44 514 71 514 71 529 44 529 text 0
77 530 77 514 114 515 114 531 text 0
119 530 119 511 161 511 161 530 text 0
167 533 167 512 189 513 188 534 text 0
196 514 228 514 228 534 196 534 text 0
235 512 264 512 264 529 235 529 text 0
271 532 272 514 313 515 313 533 text 0
321 512 351 511 352 529 321 529 text 0
358 529 358 513 374 513 374 529 text 0
381 531 381 513 410 513 410 531 text 0
387 500 388 481 424 481 424 501 text 0
44 560 44 541 81 541 81 560 text 0
84 561 85 541 119 542 118 562 text 0
123 562 123 541 181 541 180 563 text 0
186 545 224 544 225 563 186 564 text 0
230 541 275 541 275 565 230 565 text 0
280 542 322 542 322 560 280 560 text 0
327 559 327 542 351 542 351 559 text 0
356 541 403 540 404 558 356 560 text 0
403 472 403 452 442 452 442 472 text 0
448 453 481 452 482 470 448 471 text 0
485 454 522 454 522 475 485 475 text 0
527 454 556 454 556 472 527 472 text 0
429 481 461 481 461 499 429 499 text 0
467 501 467 481 505 481 505 502 text 0
512 503 512 483 557 484 557 504 text 0
417 513 444 513 444 530 417 531 text 0
452 512 504 512 504 529 452 529 text 0
511 514 555 514 555 534 511 534 text 0
409 559 409 541 464 541 464 559 text 0
88 589 88 570 123 571 122 590 text 0
127 590 127 571 167 571 167 590 text 0
173 573 195 573 196 589 173 590 text 0
200 590 200 575 230 576 229 590 text 0
235 573 259 573 259 590 235 590 text 0
265 591 265 572 286 572 286 591 text 0
292 572 311 571 312 591 293 591 text 0
316 571 349 571 349 589 316 589 text 0
43 605 64 605 64 618 43 618 text 0
69 601 110 601 110 618 69 618 text 0
117 601 148 601 148 618 118 619 text 0
153 603 174 602 175 618 154 619 text 0
42 647 42 631 55 631 55 647 text 0
60 634 95 633 95 649 61 650 text 0
102 635 131 634 132 647 102 648 text 0
138 633 170 633 170 648 138 648 text 0
177 632 200 631 201 646 178 647 text 0
208 630 229 629 230 647 209 648 text 0
237 631 284 630 284 649 237 650 text 0
292 634 311 633 311 647 292 648 text 0
181 600 211 599 211 620 182 620 text 0
217 619 217 601 253 601 253 619 text 0
260 601 299 601 299 618 260 619 text 0
306 621 306 600 340 600 340 621 text 0
347 623 347 601 391 601 391 623 text 0
355 570 390 569 390 589 355 590 text 0
397 601 427 601 427 620 397 620 text 0
395 572 442 572 442 589 395 590 text 0
432 602 446 601 447 618 433 619 text 0
318 632 356 631 356 648 319 649 text 0
365 630 417 630 417 653 365 653 text 0
423 629 456 629 457 649 423 650 text 0
43 661 105 661 105 683 44 683 text 0
110 661 128 661 128 679 110 679 text 0
134 662 158 661 158 678 134 679 text 0
164 680 164 660 197 660 197 680 text 0
202 682 203 661 236 662 235 683 text 0
242 680 242 661 271 661 271 681 text 0
277 683 277 661 320 661 320 683 text 0
328 679 328 662 355 662 355 679 text 0
359 679 360 660 393 661 393 680 text 0
398 679 398 660 433 660 433 679 text 0
43 711 43 692 75 693 74 711 text 0
80 690 114 690 114 710 80 710 text 0
121 708 121 691 152 691 152 708 text 0
159 708 159 695 188 696 188 709 text 0
195 710 196 692 231 693 230 711 text 0
237 714 237 692 272 692 272 714 text 0
278 711 278 691 343 692 342 713 text 0
349 690 397 690 397 709 349 709 text 0
403 708 403 690 431 690 431 708 text 0
43 720 97 719 98 736 43 738 text 0
102 740 102 720 121 720 121 740 text 0
126 739 126 719 163 719 163 739 text 0
168 720 201 720 201 738 168 738 text 0
207 743 207 720 274 720 274 743 text 0
278 743 279 720 307 720 306 744 text 0
312 723 339 723 340 743 312 744 text 0
345 740 345 720 392 721 392 740 text 0
397 719 424 719 424 745 397 745 text 0
43 769 43 754 79 754 79 769 text 0
84 770 84 750 113 750 113 770 text 0
116 754 146 754 146 769 116 769 text 0
150 768 150 752 175 752 175 768 text 0
179 749 201 749 202 769 180 770 text 0
205 772 205 750 263 752 262 773 text 0
268 773 268 750 312 751 312 774 text 0
317 768 317 749 356 749 356 768 text 0
360 749 383 748 384 768 360 769 text 0
387 748 457 747 457 773 387 774 text 0
461 751 492 751 492 770 461 770 text 0
496 770 496 749 521 749 521 770 text 0
524 753 555 753 556 770 524 771 text 0
430 744 430 719 487 719 487 744 text 0
439 693 483 693 483 712 439 712 text 0
437 681 437 661 489 661 489 682 text 0
463 651 463 629 501 629 501 652 text 0
451 602 489 602 489 622 451 622 text 0
497 601 516 601 516 620 497 620 text 0
43 780 62 780 62 798 43 798 text 0
69 800 69 782 104 783 104 801 text 0
112 798 112 784 144 784 144 798 text 0
152 801 152 781 210 781 210 802 text 0
217 802 217 777 263 777 263 802 text 0
271 778 328 777 328 802 271 802 text 0
336 781 358 781 358 797 337 798 text 0
365 781 410 780 410 802 366 803 text 0
416 780 451 780 451 799 416 799 text 0
460 780 498 780 498 802 460 802 text 0
506 779 557 778 557 799 506 799 text 0
490 739 491 721 513 722 513 740 text 0
490 693 512 693 512 710 490 710 text 0
495 679 495 662 517 663 516 680 text 0
509 649 509 629 557 630 557 650 text 0
520 663 558 663 558 681 520 681 text 0
516 689 533 689 534 709 517 710 text 0
540 710 540 689 557 689 557 710 text 0
447 589 447 571 485 571 485 589 text 0
489 570 520 570 520 589 489 590 text 0
522 573 556 573 556 593 522 593 text 0
521 601 557 600 558 619 521 620 text 0
516 723 558 722 558 739 517 740 text 0
41 831 41 808 89 808 89 831 text 0
94 810 127 809 128 828 95 829 text 0
135 829 135 809 159 809 159 829 text 0
166 828 166 810 190 810 190 828 text 0
196 810 214 810 214 829 196 829 text 0
220 807 245 807 246 828 221 828 text 0
252 810 265 809 266 827 252 828 text 0
272 832 272 809 310 809 310 832 text 0
317 831 317 812 353 812 353 831 text 0
361 811 386 810 386 828 361 829 text 0
392 808 434 807 434 833 393 834 text 0
439 808 460 807 461 829 439 829 text 0
43 858 44 838 72 839 71 859 text 0
78 839 101 838 101 857 79 858 text 0
108 858 108 840 128 840 128 858 text 0
135 843 167 841 167 861 135 862 text 0
174 858 174 841 202 841 202 858 text 0
209 841 232 841 232 856 209 856 text 0
240 856 240 840 272 840 272 856 text 0
278 839 310 839 310 858 278 858 text 0
316 838 350 838 350 858 317 859 text 0
356 839 372 839 372 859 356 859 text 0
379 839 392 838 393 858 380 858 text 0
397 839 431 838 432 859 398 860 text 0
438 841 478 841 478 861 439 861 text 0
466 810 502 810 502 827 467 828 text 0
42 870 83 870 83 888 43 888 text 0
89 871 141 871 141 892 89 892 text 0
147 868 187 867 187 888 147 888 text 0
192 868 214 867 216 891 193 892 text 0
221 891 221 868 236 868 236 891 text 0
243 871 277 870 277 889 243 889 text 0
283 869 329 868 329 892 283 893 text 0
335 868 366 867 367 888 335 889 text 0
373 888 373 869 406 869 406 888 text 0
413 893 413 871 457 871 457 893 text 0
464 873 498 873 499 890 464 891 text 0
486 841 514 841 514 859 486 859 text 0
508 827 508 811 522 811 522 827 text 0
528 815 556 813 557 828 528 829 text 0
520 843 556 841 557 859 521 861 text 0
505 892 505 871 558 871 558 892 text 0
390 934 400 933 401 949 391 949 text 0
404 944 404 936 409 936 409 944 text 0
415 949 415 932 437 932 437 949 text 0
441 934 458 933 458 947 442 948 text 0
461 934 485 934 485 949 461 949 text 0
487 930 535 929 535 949 488 950 text 0
537 931 559 931 559 947 538 948 text 0
