77 214 77 126 393 128 392 217 text 0
399 124 614 117 616 184 401 191 text 0
330 456 330 402 442 402 441 456 text 0
235 325 236 265 285 266 283 326 text 0
172 457 174 399 229 401 228 459 text 0
483 506 503 506 505 590 485 590 text 0
555 513 575 513 577 598 557 599 text 0
629 602 631 518 656 518 654 603 text 0
696 520 720 519 721 613 698 614 text 0
92 254 177 252 179 326 93 328 text 0
187 288 189 257 225 258 223 290 text 0
310 258 426 255 428 325 312 328 text 0
82 455 82 382 167 382 167 455 text 0
231 387 313 384 315 452 234 455 text 0
