939 306 939 263 1002 263 1002 306 text 0
168 337 927 14 1148 533 389 856 text 0
1217 348 1217 299 1484 299 1484 348 text 0
742 659 1235 507 1277 643 784 795 text 0
756 809 1323 629 1362 754 795 933 text 0
24 1794 100 1778 111 1829 35 1845 text 0
38 1741 109 1741 109 1780 38 1780 text 0
116 1822 117 1794 201 1798 200 1826 text 0
200 1829 200 1784 313 1784 313 1829 text 0
1530 1727 1530 1678 1696 1678 1696 1727 text 0
1508 1745 1702 1741 1703 1787 1509 1791 text 0
20 1864 21 1832 86 1834 85 1865 text 0
85 1869 87 1839 134 1841 132 1870 text 0
136 1832 185 1832 185 1865 136 1865 text 0
188 1869 190 1834 233 1836 231 1871 text 0
235 1868 238 1837 292 1841 290 1872 text 0
296 1837 376 1836 377 1867 297 1869 text 0
382 1867 384 1834 484 1839 482 1872 text 0
22 1878 65 1876 68 1936 26 1938 text 0
67 1882 156 1878 159 1946 70 1949 text 0
157 1882 238 1873 244 1934 164 1942 text 0
242 1885 316 1883 318 1937 244 1939 text 0
323 1939 323 1883 377 1883 377 1939 text 0
380 1949 380 1885 453 1885 453 1949 text 0
454 1887 517 1885 518 1951 456 1952 text 0
26 1951 83 1951 83 2002 26 2002 text 0
88 1964 111 1964 111 2013 88 2013 text 0
113 1952 164 1948 169 2005 118 2010 text 0
168 1959 319 1947 325 2013 173 2025 text 0
326 1964 344 1962 348 2003 330 2005 text 0
349 1951 369 1949 374 2001 354 2003 text 0
372 1960 405 1954 415 2014 382 2020 text 0
1216 1836 1216 1803 1313 1803 1313 1836 text 0
1319 1835 1321 1802 1344 1803 1342 1836 text 0
1348 1834 1349 1803 1466 1805 1465 1836 text 0
1469 1805 1586 1801 1587 1832 1470 1836 text 0
1594 1839 1594 1801 1694 1801 1694 1839 text 0
1218 1883 1218 1849 1333 1849 1333 1883 text 0
1337 1887 1337 1849 1367 1849 1367 1887 text 0
1370 1885 1374 1852 1390 1854 1387 1887 text 0
1388 1878 1391 1847 1435 1850 1433 1882 text 0
1439 1878 1439 1851 1492 1851 1492 1878 text 0
1497 1849 1536 1847 1537 1878 1498 1880 text 0
1543 1847 1584 1847 1584 1880 1543 1880 text 0
1589 1852 1620 1852 1620 1880 1589 1880 text 0
1623 1872 1623 1846 1695 1846 1695 1872 text 0
1265 1928 1267 1892 1306 1893 1305 1929 text 0
1311 1926 1311 1893 1452 1893 1452 1926 text 0
1453 1924 1454 1893 1520 1895 1520 1926 text 0
1525 1924 1525 1890 1584 1890 1584 1924 text 0
1590 1892 1646 1892 1646 1924 1590 1924 text 0
1654 1890 1695 1890 1695 1923 1654 1923 text 0
1160 1976 1162 1938 1190 1939 1188 1977 text 0
1195 1972 1196 1939 1253 1941 1252 1974 text 0
1257 1970 1259 1939 1351 1944 1349 1975 text 0
1354 1972 1354 1938 1446 1938 1446 1972 text 0
1452 1938 1584 1938 1584 1972 1452 1972 text 0
1590 1938 1695 1936 1696 1969 1590 1970 text 0
1122 1985 1253 1983 1254 2016 1123 2018 text 0
1257 2018 1257 1987 1339 1987 1339 2018 text 0
1344 2020 1346 1987 1408 1990 1406 2023 text 0
1410 2020 1411 1983 1492 1987 1490 2023 text 0
1495 2016 1496 1985 1580 1988 1579 2020 text 0
1580 1980 1695 1979 1695 2015 1581 2016 text 0
