269 184 470 -127 1539 559 1338 872 text 0
155 1069 155 922 817 924 817 1071 text 0
868 1047 868 922 1338 922 1338 1047 text 0
104 1122 362 1119 363 1200 105 1203 text 0
377 1194 377 1119 643 1119 643 1194 text 0
661 1191 661 1122 982 1122 982 1191 text 0
994 1122 1401 1122 1401 1191 994 1191 text 0
164 1236 586 1233 587 1293 165 1296 text 0
595 1296 595 1227 919 1227 919 1296 text 0
945 1296 946 1227 1296 1230 1295 1299 text 0
292 1412 293 1326 650 1329 649 1415 text 0
652 1326 713 1318 724 1407 663 1414 text 0
729 1407 730 1332 970 1335 969 1410 text 0
979 1332 1188 1332 1188 1398 979 1398 text 0
