27 31 49 31 50 46 27 47 text 0
52 47 53 31 76 33 75 49 text 0
78 34 118 34 118 48 78 48 text 0
117 46 117 32 144 33 143 47 text 0
147 44 147 32 170 32 170 44 text 0
172 34 231 32 232 48 173 50 text 0
232 46 233 30 279 33 278 48 text 0
279 46 280 31 321 32 321 47 text 0
322 47 322 33 351 33 351 47 text 0
28 57 50 57 50 68 28 69 text 0
53 53 114 53 114 70 53 70 text 0
114 68 115 54 133 55 132 69 text 0
133 56 206 55 206 68 134 69 text 0
207 55 239 54 240 67 208 68 text 0
241 57 265 55 266 68 242 70 text 0
268 57 314 55 314 68 268 69 text 0
316 70 316 53 345 53 345 70 text 0
346 53 363 52 364 68 348 70 text 0
154 78 186 77 186 92 154 94 text 0
189 92 189 77 259 77 259 92 text 0
272 92 272 77 297 78 297 92 text 0
300 92 300 77 325 77 325 92 text 0
328 79 352 78 352 92 328 93 text 0
156 116 156 99 192 99 192 116 text 0
197 101 255 101 255 115 197 116 text 0
255 100 269 99 270 116 256 117 text 0
272 101 313 101 313 116 273 116 text 0
312 116 312 100 357 100 357 116 text 0
156 122 213 122 213 137 156 137 text 0
218 137 218 122 268 122 268 137 text 0
271 122 302 121 302 137 272 138 text 0
305 123 344 122 345 140 305 141 text 0
153 143 197 143 197 162 153 162 text 0
200 158 202 145 230 148 229 160 text 0
231 160 231 144 267 144 267 160 text 0
268 158 269 144 338 149 337 163 text 0
156 182 156 166 210 168 209 184 text 0
212 184 212 166 259 166 259 184 text 0
260 182 260 166 301 166 301 182 text 0
304 171 331 171 331 184 305 184 text 0
156 205 156 191 200 191 200 205 text 0
199 209 200 191 257 195 256 213 text 0
262 211 263 191 307 192 306 212 text 0
309 190 328 190 328 207 309 208 text 0
156 233 156 211 221 211 221 233 text 0
224 229 224 212 254 212 254 229 text 0
256 227 256 212 287 212 287 227 text 0
288 211 361 210 361 231 288 232 text 0
147 251 147 236 215 236 215 251 text 0
95 253 95 236 145 236 145 253 text 0
28 238 58 235 59 250 29 253 text 0
60 239 90 237 91 252 61 254 text 0
217 249 217 235 250 235 250 249 text 0
