253 91 287 90 287 106 254 107 text 0
291 90 319 90 319 105 291 105 text 0
321 106 322 88 373 93 372 111 text 0
252 110 281 110 281 124 252 124 text 0
283 111 308 109 309 124 284 126 text 0
311 124 312 110 340 111 339 126 text 0
220 201 252 201 252 275 220 275 text 0
255 185 287 182 294 262 263 265 text 0
310 198 339 197 341 280 312 281 text 0
351 182 387 179 396 282 361 285 text 0
407 187 444 186 446 279 409 280 text 0
456 176 492 175 495 259 458 260 text 0
438 165 439 118 497 119 496 165 text 0
503 119 561 116 563 163 506 166 text 0
416 284 453 283 455 321 417 322 text 0
463 283 531 283 531 327 463 328 text 0
539 277 596 276 598 321 540 323 text 0
163 352 192 352 194 420 165 421 text 0
201 354 230 353 233 422 204 423 text 0
236 357 279 353 283 411 240 414 text 0
276 403 280 339 315 342 311 405 text 0
314 344 340 342 347 422 321 424 text 0
356 347 386 346 388 421 358 422 text 0
415 353 442 353 443 421 416 422 text 0
447 348 475 346 481 420 452 422 text 0
489 405 495 338 527 341 521 408 text 0
526 344 555 342 563 425 534 427 text 0
570 348 598 346 603 420 574 422 text 0
327 706 327 693 350 694 350 707 text 0
350 707 351 694 377 694 377 707 text 0
379 706 379 694 399 694 399 706 text 0
400 705 400 694 434 695 434 706 text 0
436 707 436 695 460 695 460 707 text 0
