7 12 41 11 41 25 7 25 text 0
55 12 93 11 93 26 55 27 text 0
97 11 123 10 124 28 98 29 text 0
127 28 127 12 144 12 144 28 text 0
147 28 147 11 188 11 188 28 text 0
4 80 5 63 16 64 15 81 text 0
129 63 180 62 181 81 129 81 text 0
215 63 240 63 240 81 215 81 text 0
243 64 261 64 261 80 243 80 text 0
263 64 300 63 300 81 264 83 text 0
302 80 302 63 330 63 330 81 text 0
5 134 6 116 16 116 15 134 text 0
130 115 181 115 181 135 130 135 text 0
217 133 218 116 246 117 246 134 text 0
248 134 248 117 274 117 274 134 text 0
277 134 277 117 295 117 295 134 text 0
297 134 298 119 321 120 321 135 text 0
4 187 4 171 16 171 16 187 text 0
130 186 130 171 182 171 182 186 text 0
216 188 216 169 245 169 245 188 text 0
247 171 275 170 276 187 248 188 text 0
278 190 278 171 315 171 315 190 text 0
318 172 337 171 338 187 319 188 text 0
5 224 25 222 26 242 7 243 text 0
130 225 182 224 182 240 130 241 text 0
216 242 216 223 244 224 243 242 text 0
247 241 247 225 273 225 273 241 text 0
5 278 21 277 22 296 6 297 text 0
132 276 179 275 179 296 132 297 text 0
217 295 217 279 250 279 250 295 text 0
253 280 277 279 277 296 253 296 text 0
281 281 315 281 315 296 281 296 text 0
318 296 318 278 344 278 344 296 text 0
347 296 347 279 375 280 375 296 text 0
377 295 377 279 405 279 405 295 text 0
5 333 48 332 48 350 5 351 text 0
51 336 81 335 81 351 51 351 text 0
7 404 7 387 23 387 23 404 text 0
7 441 23 441 24 458 7 458 text 0
7 495 24 495 24 511 7 511 text 0
130 405 130 387 179 387 179 405 text 0
130 459 130 442 181 442 181 459 text 0
132 495 182 495 182 511 132 511 text 0
217 387 244 386 245 404 218 404 text 0
246 403 246 387 271 387 271 403 text 0
276 387 284 387 284 402 276 402 text 0
216 456 216 443 244 443 244 456 text 0
247 457 247 444 272 444 272 457 text 0
274 442 285 442 285 456 275 457 text 0
215 511 215 494 244 494 244 511 text 0
246 511 246 494 272 495 272 512 text 0
275 496 284 495 285 510 276 511 text 0
614 83 614 62 636 62 636 83 text 0
612 133 612 115 635 116 635 133 text 0
612 171 636 171 636 187 612 187 text 0
613 223 636 223 636 241 613 241 text 0
613 279 635 279 635 295 613 295 text 0
614 387 634 387 635 404 615 405 text 0
612 441 636 441 636 458 612 458 text 0
612 496 635 495 636 512 613 513 text 0
