468 242 468 222 488 223 487 243 text 0
489 223 515 223 515 243 489 243 text 0
520 242 520 222 556 222 556 242 text 0
457 247 488 247 488 266 457 266 text 0
491 250 507 250 507 265 491 265 text 0
511 246 537 246 538 265 512 265 text 0
542 265 542 247 573 248 573 265 text 0
464 290 464 271 500 271 500 290 text 0
504 279 512 279 512 287 504 287 text 0
521 290 521 271 561 271 561 291 text 0
453 316 453 296 501 296 501 316 text 0
505 304 513 304 513 312 505 312 text 0
522 316 522 295 560 296 559 318 text 0
580 285 651 284 651 320 581 321 text 0
661 313 661 302 675 302 674 313 text 0
681 287 750 287 750 321 681 321 text 0
565 375 566 341 654 341 653 376 text 0
661 367 661 358 675 358 674 368 text 0
682 378 682 341 768 341 768 378 text 0
624 129 627 95 713 103 710 137 text 0
