164 132 338 127 340 201 166 205 text 0
362 126 552 123 553 207 364 210 text 0
166 290 168 214 296 218 294 294 text 0
327 277 329 207 539 211 537 282 text 0
201 294 305 287 309 361 205 367 text 0
323 362 324 286 515 289 514 365 text 0
9 519 10 477 181 481 180 524 text 0
190 484 287 484 287 515 190 515 text 0
26 451 80 449 80 468 26 469 text 0
83 466 83 448 100 448 100 466 text 0
101 469 101 448 163 448 163 469 text 0
166 452 202 452 202 467 166 467 text 0
202 467 203 452 231 452 231 467 text 0
238 450 310 450 310 467 238 467 text 0
293 520 294 481 315 481 315 521 text 0
322 518 322 486 453 488 452 519 text 0
458 519 458 485 606 485 606 519 text 0
31 578 32 540 127 544 126 581 text 0
134 545 216 541 217 579 135 583 text 0
223 540 382 540 382 578 223 578 text 0
41 625 44 577 64 578 61 627 text 0
70 584 123 583 124 621 71 622 text 0
132 593 240 593 240 622 132 622 text 0
245 619 246 589 307 591 305 622 text 0
314 593 420 590 420 618 315 621 text 0
32 668 33 636 74 637 73 669 text 0
111 666 113 633 240 637 239 671 text 0
246 637 368 637 368 672 246 672 text 0
437 586 447 585 448 596 438 597 text 0
451 597 451 583 470 583 470 597 text 0
472 594 473 582 514 586 512 599 text 0
513 582 531 581 532 598 514 599 text 0
532 594 535 583 550 588 547 599 text 0
