1114 123 1127 118 1136 139 1123 144 text 0
1129 145 1137 134 1160 152 1152 162 text 0
1156 162 1156 151 1184 151 1184 162 text 0
1181 149 1203 137 1210 150 1188 161 text 0
1202 139 1215 115 1228 122 1214 146 text 0
526 289 526 275 636 276 635 290 text 0
737 209 1082 204 1084 353 739 359 text 0
1144 223 1301 219 1304 328 1146 332 text 0
1353 275 1460 275 1460 291 1353 291 text 0
386 529 386 414 641 414 641 529 text 0
691 396 1121 396 1121 527 691 527 text 0
1165 529 1165 416 1421 416 1421 529 text 0
1473 373 1662 370 1665 529 1475 532 text 0
775 922 775 742 1153 742 1153 922 text 0
1170 752 1437 749 1438 827 1171 830 text 0
1174 848 1606 846 1606 920 1174 922 text 0
765 1035 766 936 1011 938 1010 1036 text 0
1033 950 1165 950 1165 1021 1033 1021 text 0
1192 934 1351 932 1352 1035 1193 1036 text 0
1371 938 1624 934 1625 1020 1373 1024 text 0
758 1095 758 1045 904 1047 904 1096 text 0
931 1052 1029 1052 1029 1095 931 1095 text 0
1058 1096 1058 1051 1156 1051 1156 1096 text 0
1179 1095 1180 1050 1317 1052 1316 1096 text 0
1338 1051 1467 1051 1467 1100 1338 1100 text 0
1488 1095 1488 1050 1622 1052 1622 1096 text 0
345 1282 345 1234 543 1234 543 1282 text 0
562 1229 719 1229 719 1285 562 1285 text 0
733 1229 855 1229 855 1287 733 1287 text 0
867 1283 867 1227 989 1227 989 1283 text 0
1001 1225 1123 1225 1123 1285 1001 1285 text 0
1133 1283 1134 1236 1296 1237 1296 1285 text 0
1313 1285 1313 1232 1433 1232 1433 1285 text 0
1444 1237 1549 1234 1551 1292 1446 1296 text 0
1567 1287 1567 1236 1684 1236 1684 1287 text 0
222 1506 223 1357 684 1361 683 1509 text 0
327 1529 516 1529 516 1580 327 1580 text 0
285 1638 287 1601 430 1608 428 1645 text 0
446 1642 447 1601 526 1603 525 1643 text 0
890 1490 895 1339 1144 1347 1139 1498 text 0
908 1564 908 1515 1091 1516 1091 1566 text 0
851 1631 851 1587 994 1587 994 1631 text 0
1005 1629 1006 1589 1176 1592 1175 1633 text 0
848 1680 850 1639 934 1643 932 1684 text 0
943 1682 944 1641 1028 1643 1027 1684 text 0
713 1860 714 1821 1283 1827 1283 1865 text 0
857 1931 858 1887 985 1890 984 1934 text 0
1003 1932 1003 1890 1140 1890 1140 1932 text 0
1384 1358 1583 1358 1583 1483 1384 1483 text 0
1610 1492 1611 1398 1825 1402 1823 1495 text 0
1393 1522 1481 1522 1481 1552 1393 1552 text 0
1486 1550 1487 1522 1578 1523 1577 1552 text 0
1583 1552 1585 1514 1689 1518 1688 1555 text 0
1694 1552 1695 1514 1793 1516 1792 1553 text 0
1395 1619 1396 1576 1537 1580 1536 1622 text 0
1549 1617 1550 1578 1717 1582 1717 1620 text 0
1393 1670 1395 1629 1481 1633 1479 1674 text 0
1486 1668 1487 1629 1622 1631 1622 1670 text 0
