198 92 243 92 243 159 198 159 text 0
268 61 438 61 438 160 268 160 text 0
457 161 457 89 659 89 659 162 text 0
116 205 220 203 221 296 117 297 text 0
248 202 408 200 409 309 249 311 text 0
424 294 424 206 579 207 578 294 text 0
600 207 755 206 755 297 601 298 text 0
311 389 385 389 385 414 311 414 text 0
387 419 388 390 453 392 452 420 text 0
454 419 455 387 508 389 507 420 text 0
577 390 621 390 621 414 578 415 text 0
334 556 336 525 390 529 388 560 text 0
389 559 395 528 424 534 418 565 text 0
424 556 425 527 512 530 511 559 text 0
582 529 615 529 615 556 582 556 text 0
338 686 338 655 373 655 373 686 text 0
375 684 376 660 425 662 425 685 text 0
426 684 426 660 489 660 489 684 text 0
591 691 591 665 623 666 623 691 text 0
235 794 341 793 341 822 235 823 text 0
350 821 350 795 380 795 380 821 text 0
387 800 460 800 460 824 387 825 text 0
461 797 524 796 525 823 462 824 text 0
528 796 560 796 560 821 528 821 text 0
564 822 564 794 595 794 595 822 text 0
599 797 631 797 631 821 599 821 text 0
685 397 715 390 719 405 688 412 text 0
684 536 718 528 721 541 687 549 text 0
684 669 718 660 722 673 688 683 text 0
