85 128 86 107 94 107 94 128 text 0
7 48 37 47 37 61 7 62 text 0
84 102 85 65 95 65 94 103 text 0
98 127 99 109 110 110 109 128 text 0
99 105 100 87 109 88 107 106 text 0
119 91 180 65 187 83 126 109 text 0
214 90 214 68 222 68 222 90 text 0
200 87 200 69 209 69 209 88 text 0
200 91 210 91 210 109 200 109 text 0
212 130 213 93 226 93 225 131 text 0
280 47 308 46 309 60 281 60 text 0
84 141 84 129 94 130 94 141 text 0
98 140 99 130 109 130 109 140 text 0
199 56 209 56 210 66 199 67 text 0
214 66 214 57 224 57 224 66 text 0
