85 24 109 24 109 36 85 36 text 0
112 37 112 23 129 23 129 37 text 0
132 23 152 23 152 37 132 37 text 0
154 25 167 25 167 36 154 36 text 0
168 36 168 24 184 24 184 36 text 0
85 51 85 39 102 40 101 52 text 0
103 53 103 38 121 38 121 53 text 0
124 52 124 38 143 38 143 52 text 0
146 52 146 39 159 39 159 52 text 0
161 52 161 40 184 40 184 52 text 0
88 82 88 69 103 69 103 82 text 0
104 81 104 69 123 70 123 81 text 0
125 82 125 71 137 71 137 82 text 0
139 82 139 69 156 69 156 82 text 0
158 82 158 69 182 69 181 82 text 0
317 50 317 33 334 33 334 50 text 0
338 37 362 37 362 51 338 51 text 0
365 37 388 37 388 49 365 49 text 0
312 52 342 51 342 68 313 68 text 0
344 53 366 53 367 68 345 68 text 0
370 56 393 56 393 68 370 68 text 0
322 73 344 72 345 87 322 88 text 0
348 71 383 69 383 87 348 88 text 0
73 280 73 266 96 267 95 281 text 0
99 281 99 265 150 265 150 281 text 0
71 302 71 284 104 284 104 302 text 0
109 285 151 284 151 301 109 301 text 0
76 304 103 304 103 323 77 323 text 0
108 306 145 305 145 322 108 323 text 0
71 492 71 474 107 474 107 492 text 0
111 492 112 474 143 475 143 493 text 0
70 502 91 501 92 520 71 521 text 0
97 494 143 494 143 521 97 521 text 0
486 559 500 559 500 619 486 619 text 0
484 545 498 545 498 554 484 554 text 0
