308 96 309 80 355 82 355 98 text 0
289 109 290 98 357 100 357 111 text 0
260 158 260 114 353 114 353 158 text 0
202 209 202 167 353 167 353 209 text 0
260 1210 260 1176 505 1176 505 1210 text 0
771 1176 809 1174 811 1205 773 1207 text 0
820 1205 822 1167 902 1172 899 1210 text 0
910 1205 910 1174 970 1174 970 1205 text 0
978 1174 1052 1174 1052 1214 978 1214 text 0
1063 1172 1134 1172 1134 1207 1063 1207 text 0
1145 1205 1147 1171 1224 1174 1222 1209 text 0
1229 1205 1231 1172 1293 1176 1291 1209 text 0
1300 1209 1300 1172 1341 1172 1341 1209 text 0
1352 1172 1428 1172 1428 1209 1352 1209 text 0
1675 1172 1731 1172 1731 1199 1675 1199 text 0
1741 1170 1820 1168 1821 1198 1742 1199 text 0
1835 1168 1910 1168 1910 1196 1835 1196 text 0
797 911 953 850 974 902 817 963 text 0
799 1008 1007 906 1047 988 839 1090 text 0
1158 955 1226 955 1226 1019 1158 1019 text 0
1238 1021 1238 966 1359 966 1359 1021 text 0
1373 1012 1373 959 1436 959 1436 1012 text 0
1439 1012 1439 960 1534 960 1534 1012 text 0
1538 968 1571 968 1571 1012 1538 1012 text 0
1581 1001 1581 979 1607 979 1607 1001 text 0
1616 1012 1616 960 1707 960 1707 1012 text 0
1715 968 1744 966 1746 1008 1717 1009 text 0
1014 405 1400 367 1424 610 1038 647 text 0
1418 512 1421 403 1627 408 1624 518 text 0
1421 536 1616 536 1616 605 1421 605 text 0
1633 526 1824 521 1826 600 1634 604 text 0
1076 645 1401 642 1402 780 1078 784 text 0
1420 647 1653 645 1654 784 1421 786 text 0
1680 649 1851 644 1855 784 1685 790 text 0
