177 8 216 8 216 26 177 26 text 0
218 26 218 8 257 8 257 26 text 0
261 26 261 11 311 12 311 26 text 0
177 44 177 29 209 29 209 44 text 0
214 29 237 29 237 45 214 45 text 0
242 45 242 30 279 30 279 45 text 0
177 64 177 46 209 46 209 64 text 0
214 63 214 45 246 46 245 64 text 0
175 83 176 68 207 69 207 84 text 0
213 70 234 70 234 83 213 83 text 0
239 69 271 69 271 85 239 85 text 0
177 104 177 86 215 86 215 104 text 0
220 103 220 87 264 87 264 103 text 0
189 122 189 106 240 108 239 124 text 0
453 21 479 21 479 40 453 40 text 0
486 37 487 20 529 22 528 40 text 0
456 59 456 41 494 41 494 59 text 0
500 59 500 40 528 41 527 60 text 0
476 64 502 64 503 80 476 81 text 0
578 30 613 29 613 50 578 51 text 0
572 56 617 56 617 72 572 72 text 0
578 77 610 76 611 94 578 95 text 0
415 257 415 236 440 236 440 257 text 0
442 237 499 236 500 257 443 258 text 0
434 276 434 259 478 259 478 276 text 0
