404 282 407 247 512 255 509 290 text 0
514 287 516 256 572 260 569 291 text 0
574 294 579 262 616 266 612 298 text 0
374 451 431 451 433 583 375 584 text 0
476 531 598 530 599 678 477 679 text 0
376 697 376 598 421 598 421 697 text 0
362 708 421 707 423 802 364 804 text 0
362 819 433 818 435 929 364 930 text 0
471 672 671 666 675 791 475 798 text 0
475 828 625 825 627 923 477 926 text 0
333 862 333 817 356 817 356 862 text 0
332 866 355 866 355 932 332 932 text 0
324 1135 358 1132 360 1150 326 1153 text 0
360 1133 400 1129 402 1146 362 1150 text 0
403 1129 433 1127 434 1144 404 1146 text 0
368 1151 399 1147 400 1161 370 1165 text 0
403 1148 431 1144 434 1159 405 1164 text 0
432 1116 492 1109 497 1155 437 1163 text 0
512 1119 654 1106 657 1143 515 1155 text 0
