2 50 2 38 24 38 24 50 text 0
27 50 27 39 64 39 64 50 text 0
66 51 66 39 112 39 112 51 text 0
115 51 115 38 163 38 163 51 text 0
164 38 210 38 210 50 164 50 text 0
30 84 30 71 53 71 53 84 text 0
53 74 94 74 94 82 53 82 text 0
95 85 95 72 123 72 123 85 text 0
126 74 156 73 156 83 126 84 text 0
157 86 157 75 182 75 182 86 text 0
11 116 11 107 34 108 34 117 text 0
37 108 74 107 74 116 37 117 text 0
75 117 75 107 123 107 123 117 text 0
127 107 168 106 168 118 127 119 text 0
171 107 199 107 200 117 171 117 text 0
217 8 259 8 259 20 217 20 text 0
261 19 261 8 302 8 302 20 text 0
311 19 311 8 336 8 336 19 text 0
339 19 339 7 379 8 379 20 text 0
230 67 287 67 287 87 230 88 text 0
313 67 375 66 375 87 314 88 text 0
241 34 276 34 277 54 242 54 text 0
335 33 354 33 355 54 335 54 text 0
233 102 285 101 285 121 233 122 text 0
321 103 369 102 369 124 322 125 text 0
