26 547 104 479 170 555 91 623 text 0
109 468 154 396 205 428 159 500 text 0
182 415 220 364 244 382 206 433 text 0
212 368 258 295 333 343 288 415 text 0
136 507 257 402 305 456 184 562 text 0
386 813 455 731 529 793 459 875 text 0
454 702 526 623 574 666 501 745 text 0
463 906 522 804 600 850 541 951 text 0
504 762 575 677 660 748 589 833 text 0
574 664 600 627 644 657 618 694 text 0
594 603 665 498 724 538 653 643 text 0
744 479 766 449 799 473 777 503 text 0
635 843 635 699 700 699 700 843 text 0
680 701 711 614 771 636 740 723 text 0
699 592 756 498 799 524 742 618 text 0
768 685 813 574 902 610 857 721 text 0
844 768 939 510 959 517 865 775 text 0
