23 101 23 53 158 53 158 101 text 0
171 67 268 67 268 100 171 101 text 0
71 122 196 120 197 166 72 168 text 0
211 120 321 118 322 182 212 184 text 0
344 117 474 116 475 180 344 181 text 0
272 183 372 182 372 226 272 226 text 0
386 188 497 187 498 226 386 227 text 0
122 267 122 249 169 251 168 269 text 0
169 272 169 252 214 252 214 273 text 0
217 270 217 246 280 246 280 270 text 0
280 250 331 250 331 268 280 268 text 0
214 293 215 275 252 276 252 294 text 0
255 292 259 274 270 276 267 294 text 0
272 297 273 273 337 276 336 299 text 0
338 274 429 274 429 292 338 292 text 0
215 318 216 299 253 300 252 320 text 0
255 300 276 300 276 317 255 317 text 0
279 300 342 300 342 321 279 321 text 0
346 317 347 299 429 300 428 318 text 0
16 332 70 331 71 347 17 347 text 0
73 333 109 333 109 347 73 347 text 0
111 332 137 332 137 346 111 346 text 0
139 333 165 332 166 347 139 347 text 0
16 352 58 351 58 365 17 366 text 0
61 351 184 350 184 365 62 366 text 0
16 372 76 371 77 386 16 387 text 0
79 370 230 370 230 386 79 387 text 0
643 121 675 113 677 122 645 129 text 0
677 112 693 109 694 120 678 122 text 0
693 108 710 104 712 113 696 117 text 0
713 103 734 97 737 106 716 113 text 0
737 97 763 91 766 102 740 108 text 0
766 90 798 83 800 94 768 100 text 0
800 81 816 78 819 88 802 92 text 0
541 314 604 313 605 336 541 337 text 0
610 320 655 318 656 336 611 338 text 0
661 317 713 315 714 339 662 341 text 0
718 316 736 315 737 338 719 338 text 0
739 317 814 314 815 336 739 338 text 0
482 366 482 343 534 344 534 367 text 0
536 366 536 345 587 345 587 366 text 0
590 367 591 343 653 345 652 368 text 0
655 345 681 345 681 362 655 362 text 0
710 368 711 347 740 348 740 369 text 0
742 369 742 345 801 347 801 370 text 0
803 369 804 346 866 347 865 370 text 0
867 347 894 347 894 364 867 364 text 0
481 387 482 369 535 372 534 390 text 0
538 389 539 370 577 372 576 391 text 0
578 389 579 369 622 372 621 392 text 0
623 387 624 368 664 370 663 388 text 0
708 390 710 372 739 375 737 392 text 0
742 388 742 371 787 372 787 389 text 0
790 389 791 371 854 374 853 392 text 0
855 372 881 372 881 390 855 390 text 0
