17 31 17 17 34 17 34 32 text 0
316 15 339 15 339 31 316 32 text 0
343 34 343 14 364 14 364 34 text 0
369 33 369 17 391 18 391 33 text 0
675 17 692 16 693 34 676 35 text 0
18 80 20 65 29 66 27 82 text 0
7 132 7 116 40 116 40 132 text 0
10 182 10 166 40 166 39 182 text 0
7 215 40 215 40 232 7 232 text 0
16 268 31 267 32 282 17 282 text 0
18 332 18 317 29 317 29 332 text 0
17 382 19 366 30 367 29 383 text 0
18 431 18 415 29 415 29 431 text 0
16 465 27 465 29 482 17 483 text 0
302 67 329 67 329 82 302 82 text 0
331 66 369 65 369 84 331 85 text 0
373 82 373 67 405 67 405 82 text 0
678 67 688 66 689 81 678 82 text 0
295 114 334 114 334 133 295 133 text 0
338 133 338 117 371 117 371 133 text 0
374 133 374 114 411 115 410 134 text 0
667 117 698 117 699 132 667 133 text 0
287 184 287 166 323 166 323 184 text 0
327 185 327 165 380 165 380 185 text 0
384 165 419 165 420 184 385 184 text 0
249 215 269 215 270 235 250 236 text 0
273 233 273 217 285 217 285 233 text 0
290 234 291 214 342 215 342 235 text 0
346 234 347 216 382 217 382 235 text 0
387 217 427 216 427 232 387 233 text 0
432 218 458 217 458 232 432 233 text 0
323 282 323 266 364 266 364 282 text 0
369 264 385 263 386 283 369 283 text 0
318 316 348 316 348 333 318 333 text 0
352 335 352 316 387 316 387 335 text 0
668 181 668 167 697 167 697 181 text 0
665 232 665 216 699 216 699 232 text 0
673 266 691 266 691 282 673 282 text 0
678 331 678 316 688 316 688 331 text 0
328 365 357 365 357 384 328 384 text 0
362 365 380 365 380 382 362 382 text 0
331 433 331 415 360 415 360 433 text 0
364 418 376 418 376 434 364 434 text 0
322 466 356 466 356 484 322 484 text 0
359 467 386 466 386 483 360 485 text 0
678 367 687 367 688 382 678 382 text 0
680 417 688 417 688 430 680 430 text 0
678 481 678 467 688 467 688 481 text 0
