7 38 8 14 39 15 38 38 text 0
43 14 95 13 96 37 43 38 text 0
101 17 138 17 139 39 101 39 text 0
143 18 167 17 168 37 144 38 text 0
174 17 229 17 229 40 174 40 text 0
234 19 287 18 287 40 234 41 text 0
290 16 324 16 324 38 290 38 text 0
327 18 350 18 350 36 327 37 text 0
354 13 410 13 410 39 354 39 text 0
414 13 452 13 452 40 414 40 text 0
455 15 507 13 507 40 456 42 text 0
511 16 566 15 567 41 512 42 text 0
570 14 609 13 609 38 570 39 text 0
614 39 615 15 658 16 658 39 text 0
663 14 715 14 715 39 663 39 text 0
719 40 720 17 774 17 773 41 text 0
776 38 776 15 804 15 804 38 text 0
809 15 854 14 854 38 809 38 text 0
7 76 7 49 48 50 48 77 text 0
50 76 50 50 77 50 77 76 text 0
80 75 81 52 150 54 149 77 text 0
156 73 156 52 205 52 205 73 text 0
210 52 250 52 250 74 211 75 text 0
254 54 305 53 305 77 255 78 text 0
309 54 363 53 363 76 309 77 text 0
369 78 370 49 410 50 409 79 text 0
414 51 456 51 456 76 414 76 text 0
460 75 460 51 528 53 527 77 text 0
531 77 532 52 584 53 583 78 text 0
587 54 639 53 639 77 587 78 text 0
643 77 644 52 696 54 695 78 text 0
700 76 700 48 756 49 756 77 text 0
762 78 762 52 813 52 813 78 text 0
8 90 60 89 60 113 9 113 text 0
63 110 63 87 89 87 89 110 text 0
94 86 130 85 131 109 95 110 text 0
135 89 165 87 166 110 136 112 text 0
170 110 170 87 213 88 213 110 text 0
8 140 36 139 36 166 8 167 text 0
42 166 42 139 111 141 110 168 text 0
116 166 116 142 171 142 171 166 text 0
174 166 174 142 214 142 214 166 text 0
217 145 245 145 245 165 218 166 text 0
249 167 249 142 304 143 304 168 text 0
308 167 308 143 361 144 361 168 text 0
365 166 365 142 432 142 432 166 text 0
435 166 435 141 502 141 502 166 text 0
505 166 505 142 543 142 543 166 text 0
545 164 546 142 585 142 585 165 text 0
589 139 628 139 628 164 590 165 text 0
632 142 686 142 686 168 632 168 text 0
689 166 689 142 734 142 734 166 text 0
740 142 798 141 798 166 740 166 text 0
8 179 72 179 72 205 8 205 text 0
77 180 127 180 127 202 77 202 text 0
132 179 170 178 171 202 133 203 text 0
176 179 226 179 226 203 176 203 text 0
229 203 229 180 282 180 282 203 text 0
285 179 318 178 319 203 286 204 text 0
323 178 378 178 378 203 323 203 text 0
381 203 381 177 426 177 426 203 text 0
432 178 474 178 474 200 432 200 text 0
479 180 516 179 516 200 479 200 text 0
521 203 521 179 600 180 600 203 text 0
603 201 604 177 656 177 656 201 text 0
661 199 661 175 689 175 689 199 text 0
693 178 755 178 755 201 693 201 text 0
758 200 760 174 786 176 784 201 text 0
789 177 836 177 836 200 789 200 text 0
7 240 7 214 61 216 60 241 text 0
65 236 66 212 97 213 97 237 text 0
101 214 142 213 142 237 101 237 text 0
147 240 147 215 197 216 197 241 text 0
200 214 237 213 238 238 201 240 text 0
242 239 243 214 288 216 287 240 text 0
291 237 291 216 312 216 312 237 text 0
315 219 359 217 360 237 316 238 text 0
362 215 417 215 417 239 362 239 text 0
423 213 460 212 460 241 423 242 text 0
464 213 500 213 501 237 465 237 text 0
505 214 554 214 554 241 505 241 text 0
555 236 555 216 603 216 603 237 text 0
608 213 653 213 654 237 608 238 text 0
658 239 658 216 694 216 694 239 text 0
699 238 700 216 745 217 744 240 text 0
746 215 786 214 786 237 746 238 text 0
790 235 790 214 829 214 829 235 text 0
7 249 39 248 39 274 8 274 text 0
43 251 105 251 105 273 43 274 text 0
110 253 156 253 156 277 110 277 text 0
159 250 205 249 206 274 159 275 text 0
209 274 209 251 250 251 250 274 text 0
257 248 277 248 278 274 258 274 text 0
295 250 322 249 322 276 295 277 text 0
327 273 327 250 358 250 358 273 text 0
363 250 377 250 377 274 363 274 text 0
382 272 382 251 426 251 426 272 text 0
431 250 481 249 481 272 431 273 text 0
499 249 558 249 558 273 499 273 text 0
281 267 282 260 291 261 291 268 text 0
486 266 486 261 495 261 495 266 text 0
