112 168 114 111 211 114 209 171 text 0
215 176 219 109 344 117 340 184 text 0
187 186 237 185 237 204 187 204 text 0
242 192 248 192 248 197 242 197 text 0
257 184 307 183 307 204 257 205 text 0
314 184 360 183 360 202 315 203 text 0
64 229 75 229 75 241 64 241 text 0
77 229 96 229 97 240 78 241 text 0
99 229 126 228 126 240 99 241 text 0
127 237 127 232 131 233 131 237 text 0
132 239 132 229 146 229 146 239 text 0
147 232 151 232 151 236 147 236 text 0
153 228 165 228 165 239 153 239 text 0
291 226 308 226 308 235 291 235 text 0
310 226 330 225 330 234 310 235 text 0
333 224 349 224 350 234 333 235 text 0
364 191 370 190 370 196 364 196 text 0
375 182 414 181 415 203 376 204 text 0
339 174 345 104 500 118 494 187 text 0
489 219 506 219 507 230 490 231 text 0
507 219 533 218 534 230 508 231 text 0
