92 613 153 612 153 631 93 631 text 0
253 300 253 283 269 283 269 301 text 0
271 301 271 285 299 285 299 301 text 0
79 403 156 401 156 420 79 422 text 0
95 166 148 166 148 184 96 184 text 0
152 182 152 164 193 165 193 182 text 0
362 165 394 164 395 181 363 182 text 0
398 164 440 163 440 182 398 183 text 0
160 420 160 401 208 401 208 420 text 0
341 401 402 400 403 419 341 420 text 0
406 402 470 402 470 419 406 419 text 0
197 526 197 506 244 506 244 527 text 0
247 509 356 507 356 524 248 526 text 0
155 616 196 615 197 631 155 632 text 0
361 616 411 616 411 630 361 630 text 0
415 632 416 615 454 616 453 633 text 0
80 78 80 59 137 59 137 79 text 0
142 57 205 57 205 76 142 76 text 0
331 72 331 56 402 57 402 73 text 0
407 73 408 57 480 58 480 74 text 0
