35 107 83 105 84 133 36 135 text 0
92 108 124 107 125 135 93 136 text 0
126 106 166 103 168 137 129 140 text 0
173 105 201 104 202 135 174 136 text 0
209 131 210 101 245 102 244 132 text 0
250 136 250 108 319 108 319 136 text 0
323 108 389 108 389 132 323 132 text 0
395 134 395 108 460 108 460 134 text 0
465 110 515 107 516 136 467 138 text 0
517 132 518 108 554 109 553 133 text 0
556 108 606 104 608 135 558 138 text 0
615 102 684 98 685 136 617 139 text 0
11 166 12 132 76 133 75 167 text 0
77 141 131 139 132 162 78 164 text 0
132 141 186 136 188 163 135 168 text 0
194 137 242 135 243 166 195 168 text 0
247 137 302 136 303 164 248 165 text 0
306 162 307 137 353 139 352 164 text 0
357 138 370 138 372 161 358 161 text 0
54 196 54 168 93 170 92 197 text 0
97 197 97 172 125 172 125 197 text 0
129 174 164 174 164 197 130 198 text 0
164 197 164 173 232 173 231 197 text 0
234 172 281 171 282 197 234 198 text 0
286 174 327 173 328 197 287 198 text 0
328 196 330 169 383 173 381 200 text 0
384 199 384 171 447 172 446 201 text 0
451 174 484 171 486 197 453 200 text 0
489 173 508 173 509 194 489 194 text 0
509 170 551 169 552 202 510 202 text 0
548 196 549 168 617 171 616 200 text 0
620 196 620 172 683 172 683 196 text 0
10 201 49 199 51 226 11 228 text 0
29 182 52 178 55 190 32 195 text 0
50 205 105 203 106 228 50 229 text 0
237 41 328 39 329 80 238 81 text 0
331 41 411 39 412 84 332 86 text 0
417 50 464 47 466 73 419 76 text 0
106 200 152 199 153 225 106 226 text 0
153 202 224 201 225 227 153 229 text 0
225 224 225 201 246 201 246 224 text 0
248 222 248 199 320 200 320 223 text 0
322 204 373 202 374 224 323 225 text 0
379 227 380 205 408 206 407 228 text 0
411 203 459 198 462 225 413 229 text 0
464 200 517 197 519 225 466 228 text 0
522 207 556 205 557 224 523 225 text 0
560 199 621 196 622 226 561 228 text 0
625 227 625 201 655 202 654 228 text 0
653 222 656 202 687 206 684 226 text 0
13 231 50 227 53 252 15 256 text 0
53 232 103 230 104 252 54 254 text 0
105 229 168 229 168 255 105 255 text 0
170 255 170 230 220 230 220 256 text 0
223 255 223 228 287 229 287 256 text 0
284 252 286 228 322 230 321 255 text 0
324 233 380 231 381 254 325 256 text 0
35 317 36 305 49 306 48 318 text 0
36 293 36 266 72 266 72 293 text 0
77 263 117 262 117 293 78 294 text 0
121 267 168 266 169 290 122 290 text 0
172 293 173 271 186 272 185 293 text 0
47 322 49 300 90 303 89 325 text 0
94 304 136 303 137 322 94 324 text 0
142 321 143 302 190 304 189 322 text 0
191 323 191 301 201 301 201 323 text 0
205 301 240 300 240 327 205 328 text 0
242 325 242 298 313 298 313 325 text 0
318 297 349 297 349 325 318 325 text 0
350 322 351 298 385 300 384 324 text 0
386 302 433 300 435 328 387 330 text 0
434 297 498 296 498 326 434 328 text 0
500 323 500 297 533 297 533 324 text 0
532 326 532 301 571 302 570 326 text 0
15 355 15 326 92 326 92 355 text 0
94 353 95 330 158 332 158 355 text 0
158 356 158 330 228 330 227 356 text 0
231 350 233 328 304 333 302 356 text 0
577 326 578 299 657 304 656 331 text 0
656 299 684 298 685 325 656 326 text 0
