118 80 222 76 223 110 119 114 text 0
380 110 381 85 446 87 445 113 text 0
453 90 582 87 583 114 453 116 text 0
83 205 85 172 169 176 167 209 text 0
169 177 208 172 211 201 172 205 text 0
131 268 132 241 209 242 209 269 text 0
211 268 214 242 244 247 240 272 text 0
133 341 133 310 251 310 251 341 text 0
258 339 258 312 282 312 282 339 text 0
291 316 329 315 330 336 291 338 text 0
132 409 132 382 287 382 287 409 text 0
129 475 130 441 166 442 165 476 text 0
174 476 174 447 240 447 240 476 text 0
132 514 200 510 202 539 133 542 text 0
205 517 307 517 307 546 205 546 text 0
