211 112 212 89 251 91 250 114 text 0
256 96 265 96 266 112 257 112 text 0
123 202 124 189 155 191 155 204 text 0
160 205 160 194 213 197 213 209 text 0
218 209 220 196 243 198 242 211 text 0
248 211 249 199 288 201 287 214 text 0
292 213 293 201 321 203 320 216 text 0
327 216 327 205 364 206 364 218 text 0
88 268 91 219 202 226 199 275 text 0
199 268 204 226 300 236 295 278 text 0
302 275 306 229 382 235 378 282 text 0
137 317 143 268 237 280 231 328 text 0
241 321 251 273 353 294 343 341 text 0
176 369 180 319 297 328 294 377 text 0
147 415 150 369 260 374 257 420 text 0
265 421 271 375 339 384 333 430 text 0
187 468 188 453 251 455 251 470 text 0
258 471 258 458 290 460 289 473 text 0
