145 26 366 25 367 291 146 292 text 0
378 285 389 100 508 108 496 293 text 0
58 146 119 133 126 166 65 179 text 0
43 190 142 170 149 202 50 223 text 0
32 234 162 206 169 238 38 266 text 0
49 462 50 295 310 297 309 463 text 0
327 292 506 287 509 404 331 409 text 0
50 457 123 449 136 558 63 567 text 0
147 569 149 414 305 416 303 571 text 0
313 391 504 387 508 564 317 569 text 0
53 564 305 556 311 725 58 733 text 0
320 687 321 570 442 572 441 689 text 0
178 817 178 709 233 709 233 817 text 0
258 680 446 676 449 813 261 817 text 0
71 745 164 745 164 766 71 766 text 0
74 777 104 777 104 789 74 789 text 0
106 776 137 775 137 788 107 788 text 0
140 788 141 775 167 777 166 789 text 0
75 792 101 791 101 803 75 804 text 0
101 803 102 791 137 793 136 805 text 0
48 786 70 786 70 800 48 800 text 0
