74 26 107 9 114 22 81 39 text 0
70 8 90 -3 97 8 77 20 text 0
33 290 45 282 57 300 45 308 text 0
50 281 61 275 72 293 61 299 text 0
64 275 83 264 92 280 74 291 text 0
86 260 119 241 130 260 96 278 text 0
123 240 159 218 170 238 134 260 text 0
164 219 222 187 232 204 174 237 text 0
225 185 242 174 254 193 237 204 text 0
30 320 70 300 80 321 40 341 text 0
72 297 114 276 124 294 81 316 text 0
116 273 133 263 145 283 128 293 text 0
140 263 171 247 180 262 149 279 text 0
174 243 188 237 197 257 182 263 text 0
189 235 226 214 235 232 198 253 text 0
228 212 275 187 285 205 238 231 text 0
288 153 319 137 327 152 296 169 text 0
320 133 343 120 353 138 331 151 text 0
346 119 375 101 387 120 359 138 text 0
379 100 406 86 416 104 390 119 text 0
409 85 454 59 464 77 419 102 text 0
308 167 338 150 349 169 319 186 text 0
341 150 370 133 381 152 352 169 text 0
374 134 410 114 420 132 384 152 text 0
412 109 443 92 455 114 424 131 text 0
447 93 457 88 468 106 458 111 text 0
692 54 725 31 739 52 706 74 text 0
730 27 753 16 764 38 740 49 text 0
706 78 743 52 757 72 720 98 text 0
744 56 781 31 794 50 758 76 text 0
720 98 767 71 777 87 730 115 text 0
769 68 811 43 827 71 786 96 text 0
595 337 635 313 648 335 608 359 text 0
641 311 683 288 695 309 653 333 text 0
689 283 714 270 725 292 700 305 text 0
719 263 759 245 770 269 730 287 text 0
762 243 820 209 833 232 776 266 text 0
632 352 689 321 703 345 646 377 text 0
692 317 724 300 737 326 706 343 text 0
730 301 765 281 778 303 743 323 text 0
772 278 818 254 830 276 784 300 text 0
882 166 928 139 943 164 898 192 text 0
933 139 954 130 964 151 944 161 text 0
958 128 992 108 1004 129 970 149 text 0
996 109 1018 96 1030 116 1009 130 text 0
1019 88 1051 73 1063 98 1032 114 text 0
1054 71 1088 50 1103 75 1069 96 text 0
1096 52 1131 32 1143 54 1108 73 text 0
900 199 933 179 946 201 913 221 text 0
939 173 972 156 985 181 951 198 text 0
978 155 1006 140 1018 163 990 178 text 0
1009 139 1060 111 1071 132 1020 159 text 0
1065 109 1099 92 1108 110 1074 127 text 0
1102 90 1147 64 1161 89 1116 115 text 0
964 202 997 183 1009 205 976 223 text 0
1003 181 1036 167 1045 187 1012 201 text 0
1038 162 1073 145 1082 165 1048 181 text 0
1075 139 1118 121 1127 142 1084 160 text 0
990 537 1025 515 1041 539 1006 562 text 0
1027 508 1096 468 1114 500 1046 540 text 0
56 636 73 625 79 634 62 645 text 0
74 623 93 613 99 623 80 634 text 0
96 612 118 600 124 610 101 622 text 0
120 597 143 585 149 597 125 609 text 0
55 654 84 638 90 648 60 664 text 0
86 634 113 619 119 630 93 645 text 0
115 616 138 604 145 617 122 630 text 0
139 604 167 591 171 600 144 614 text 0
59 666 79 657 85 670 65 679 text 0
81 656 106 643 111 653 86 666 text 0
107 641 137 626 142 636 112 651 text 0
139 623 150 618 155 630 144 635 text 0
151 615 177 603 183 615 156 628 text 0
173 571 197 557 202 565 178 579 text 0
199 555 221 542 227 551 204 564 text 0
222 541 237 530 244 540 230 551 text 0
189 580 210 568 215 577 193 588 text 0
211 565 244 547 250 557 217 576 text 0
351 471 379 454 390 471 362 488 text 0
385 454 422 436 429 451 393 469 text 0
424 432 480 402 487 417 431 447 text 0
373 485 405 468 412 480 379 497 text 0
408 465 440 447 447 459 415 478 text 0
441 442 474 423 485 442 453 461 text 0
396 494 420 482 427 496 403 508 text 0
421 480 445 469 452 483 428 494 text 0
448 465 476 450 483 464 454 478 text 0
394 514 424 498 432 515 403 530 text 0
427 500 464 479 472 492 434 513 text 0
466 474 496 460 503 474 473 489 text 0
424 522 457 505 464 518 431 536 text 0
458 504 486 488 495 503 467 520 text 0
526 785 548 775 553 786 530 796 text 0
550 773 565 766 571 776 556 784 text 0
566 762 601 747 607 759 572 775 text 0
558 789 578 778 584 788 564 799 text 0
580 774 592 770 597 782 585 786 text 0
595 767 609 760 614 772 600 779 text 0
591 789 613 775 619 784 597 797 text 0
