459 161 462 52 758 60 755 169 text 0
261 190 282 120 421 161 401 231 text 0
273 235 275 202 354 208 352 241 text 0
359 207 437 206 437 234 360 234 text 0
277 246 354 245 354 278 277 279 text 0
358 276 360 246 400 247 399 278 text 0
277 288 352 287 352 320 277 321 text 0
355 320 356 291 419 293 418 322 text 0
421 292 476 291 476 325 422 326 text 0
276 333 355 331 355 363 276 364 text 0
360 365 361 333 399 334 399 366 text 0
885 205 944 204 945 235 885 236 text 0
277 376 356 376 356 408 277 408 text 0
359 414 360 376 443 378 442 416 text 0
886 277 886 247 944 247 944 277 text 0
884 291 942 291 942 321 885 322 text 0
885 335 943 334 944 364 886 365 text 0
884 378 944 377 945 409 885 411 text 0
886 421 944 420 945 453 886 455 text 0
277 421 337 421 338 458 277 459 text 0
343 419 419 418 419 450 343 451 text 0
266 525 268 462 408 466 406 528 text 0
276 559 276 528 353 529 352 560 text 0
358 558 359 527 439 528 438 559 text 0
278 602 278 571 354 571 354 602 text 0
359 572 399 572 399 602 359 602 text 0
277 647 277 612 356 612 356 647 text 0
359 644 359 615 418 615 418 644 text 0
424 649 425 611 477 612 477 650 text 0
275 656 354 655 355 690 276 690 text 0
359 657 400 656 401 690 359 691 text 0
275 733 275 698 355 699 355 734 text 0
361 738 361 698 442 698 442 738 text 0
885 509 944 508 944 541 885 542 text 0
886 556 942 554 943 586 887 587 text 0
884 598 943 597 943 629 885 630 text 0
886 640 945 640 945 673 886 673 text 0
884 714 885 683 944 684 943 715 text 0
258 751 372 749 374 825 260 827 text 0
374 831 382 741 531 754 523 844 text 0
274 842 353 841 353 871 274 872 text 0
359 873 359 841 401 842 400 873 text 0
276 884 348 884 348 914 276 914 text 0
356 915 356 882 433 883 433 916 text 0
277 960 277 929 349 929 349 960 text 0
357 926 446 926 446 957 357 957 text 0
887 842 945 841 946 873 888 874 text 0
889 885 946 883 947 914 890 916 text 0
886 960 886 926 947 926 947 960 text 0
276 1007 276 970 353 971 353 1008 text 0
359 971 438 968 439 1008 360 1010 text 0
442 1002 443 971 503 974 501 1005 text 0
508 1000 509 969 549 969 548 1001 text 0
553 1007 554 968 635 970 634 1009 text 0
887 971 946 969 947 1002 888 1004 text 0
276 1051 277 1015 353 1018 352 1053 text 0
358 1044 358 1014 399 1014 399 1044 text 0
402 1013 462 1011 463 1045 403 1047 text 0
469 1047 469 1016 508 1017 507 1048 text 0
511 1048 512 1012 595 1016 593 1052 text 0
276 1093 277 1056 366 1057 366 1094 text 0
373 1057 424 1057 424 1089 373 1089 text 0
430 1091 431 1057 492 1059 491 1092 text 0
889 1046 889 1013 947 1013 947 1046 text 0
774 1060 828 1058 829 1091 775 1092 text 0
823 1096 833 1054 844 1057 833 1099 text 0
850 1059 886 1057 887 1089 852 1091 text 0
890 1059 950 1056 951 1093 892 1096 text 0
