45 260 45 242 123 242 123 260 text 0
31 301 32 278 128 279 127 302 text 0
46 350 46 318 118 318 118 350 text 0
43 389 46 363 118 370 115 397 text 0
35 408 65 407 66 426 36 427 text 0
70 428 72 406 129 410 127 432 text 0
35 467 35 443 131 443 131 467 text 0
38 502 38 479 131 479 131 502 text 0
194 496 249 490 255 541 200 547 text 0
260 493 398 473 405 522 266 541 text 0
364 312 518 294 525 357 371 375 text 0
21 184 95 176 98 205 24 213 text 0
138 89 321 60 330 117 148 146 text 0
148 150 320 130 326 185 154 205 text 0
203 252 203 240 214 240 214 252 text 0
215 237 260 234 261 249 216 252 text 0
203 260 244 253 245 264 204 271 text 0
246 252 262 251 263 263 247 264 text 0
207 275 271 265 273 278 209 288 text 0
378 410 407 407 409 425 380 428 text 0
410 407 446 404 447 416 411 419 text 0
446 401 467 398 470 413 449 416 text 0
379 430 397 427 400 439 381 442 text 0
401 426 439 421 440 434 402 438 text 0
440 421 473 416 474 428 441 433 text 0
55 90 55 37 103 37 103 90 text 0
459 41 514 41 514 61 459 61 text 0
493 80 561 77 562 103 494 106 text 0
