21 55 21 26 195 27 195 56 text 0
214 28 540 28 540 55 214 55 text 0
22 115 22 97 85 97 85 115 text 0
92 97 105 97 105 111 92 111 text 0
109 113 109 101 127 101 127 113 text 0
134 99 214 99 214 115 134 115 text 0
220 113 220 98 270 99 270 114 text 0
275 118 276 97 330 98 329 119 text 0
333 113 333 96 360 96 360 113 text 0
362 117 362 95 403 95 403 117 text 0
407 97 475 96 475 117 407 118 text 0
476 116 477 96 523 97 522 117 text 0
526 96 572 95 572 115 527 116 text 0
573 113 573 97 604 97 604 113 text 0
608 95 656 95 656 113 608 113 text 0
21 145 92 145 92 164 21 164 text 0
96 147 178 147 178 165 96 165 text 0
180 160 181 146 196 147 195 161 text 0
201 148 232 148 232 165 201 165 text 0
234 148 359 147 359 164 234 165 text 0
364 148 393 148 393 166 364 166 text 0
396 164 396 147 469 147 469 164 text 0
472 147 492 146 493 166 473 167 text 0
497 162 497 148 554 149 554 164 text 0
560 164 560 151 615 151 615 164 text 0
96 214 97 195 154 196 153 215 text 0
157 196 207 196 207 214 157 214 text 0
209 212 209 196 277 197 277 214 text 0
281 197 308 197 308 214 281 214 text 0
314 196 334 196 334 214 314 214 text 0
338 212 339 196 428 197 427 214 text 0
434 217 434 197 513 197 513 217 text 0
518 214 518 197 548 197 548 214 text 0
553 196 596 196 596 214 553 214 text 0
600 198 657 197 657 214 600 215 text 0
659 217 659 197 733 197 733 217 text 0
737 195 760 195 760 214 737 214 text 0
761 212 762 197 786 198 785 214 text 0
96 228 144 227 144 245 97 246 text 0
147 244 147 224 254 226 254 245 text 0
260 243 260 226 344 226 344 243 text 0
349 241 349 229 369 230 368 242 text 0
371 245 371 228 409 228 409 245 text 0
415 228 429 228 429 245 415 245 text 0
431 226 561 226 561 242 431 242 text 0
566 223 595 223 595 243 566 243 text 0
596 243 596 224 630 224 630 243 text 0
633 227 689 226 690 246 633 247 text 0
692 243 692 227 709 227 709 243 text 0
714 228 785 227 785 244 715 245 text 0
95 269 95 252 183 253 183 270 text 0
187 255 295 255 295 271 187 271 text 0
298 273 298 252 374 252 374 273 text 0
380 271 381 252 454 255 453 274 text 0
457 272 457 254 522 255 522 273 text 0
527 269 527 255 554 255 554 269 text 0
559 270 559 253 622 253 622 270 text 0
625 270 625 254 656 255 656 271 text 0
658 255 711 253 711 269 659 271 text 0
713 256 743 255 743 270 714 271 text 0
746 254 767 253 768 269 747 270 text 0
96 300 97 283 140 284 139 302 text 0
144 283 177 283 177 297 144 297 text 0
179 281 240 281 240 300 179 300 text 0
240 282 289 282 289 297 240 297 text 0
292 280 314 279 315 299 293 300 text 0
315 299 315 279 362 280 361 300 text 0
96 348 96 330 138 330 138 348 text 0
142 348 142 330 193 330 193 348 text 0
194 350 194 330 263 331 262 352 text 0
265 334 293 333 294 346 266 347 text 0
298 334 354 334 354 350 298 350 text 0
358 334 378 334 378 347 358 347 text 0
378 346 379 330 417 331 417 347 text 0
419 346 419 331 487 332 486 347 text 0
491 332 521 332 521 347 491 347 text 0
522 330 552 329 552 350 523 352 text 0
556 334 587 334 587 348 556 348 text 0
592 348 592 331 649 331 649 348 text 0
653 331 705 331 705 348 653 348 text 0
708 334 732 333 733 347 709 348 text 0
732 347 733 329 769 331 768 349 text 0
95 357 175 354 176 373 96 377 text 0
178 377 179 358 246 360 246 379 text 0
249 377 249 360 279 361 278 378 text 0
282 360 389 359 390 379 282 380 text 0
392 359 439 357 440 373 393 375 text 0
444 377 444 360 461 360 461 377 text 0
466 360 538 360 538 378 466 378 text 0
541 375 543 358 563 360 561 378 text 0
565 373 566 359 632 360 632 374 text 0
637 378 638 359 710 361 709 380 text 0
713 361 767 360 768 377 713 378 text 0
96 407 96 390 177 390 177 407 text 0
181 404 181 389 192 389 192 404 text 0
199 391 227 391 227 403 199 403 text 0
230 391 259 391 259 407 230 407 text 0
263 387 340 386 340 406 264 407 text 0
344 404 344 386 374 386 374 404 text 0
379 404 379 385 417 385 417 404 text 0
420 404 420 386 490 386 490 404 text 0
493 405 493 389 520 389 520 405 text 0
522 389 550 387 550 404 523 405 text 0
553 404 553 384 647 386 647 406 text 0
653 404 653 387 671 387 671 404 text 0
673 389 728 387 728 406 674 407 text 0
730 404 731 389 758 391 757 406 text 0
96 430 96 411 160 412 159 431 text 0
160 416 228 415 228 434 161 435 text 0
230 433 230 416 247 416 247 433 text 0
252 431 253 415 279 416 279 432 text 0
283 430 283 414 335 414 335 430 text 0
337 430 338 415 447 416 447 431 text 0
454 431 454 411 479 411 479 431 text 0
483 430 483 416 509 416 509 430 text 0
513 416 545 415 546 432 514 433 text 0
549 431 549 416 626 417 626 432 text 0
628 433 629 416 724 417 724 434 text 0
726 431 726 416 744 416 744 431 text 0
96 459 96 442 183 443 183 460 text 0
187 459 188 443 297 445 297 461 text 0
96 508 96 491 184 492 184 509 text 0
189 488 239 488 239 510 189 510 text 0
240 508 241 490 312 491 311 509 text 0
314 509 314 493 340 493 340 509 text 0
343 490 410 490 410 513 343 513 text 0
414 493 444 493 444 509 414 509 text 0
448 511 448 491 518 491 518 511 text 0
519 508 520 494 537 495 536 509 text 0
540 511 540 494 578 495 578 512 text 0
579 508 580 492 601 493 600 509 text 0
604 510 604 491 653 491 653 510 text 0
657 491 761 491 761 511 657 511 text 0
95 538 95 518 124 518 124 538 text 0
125 541 126 517 168 518 167 542 text 0
170 538 170 522 183 522 183 538 text 0
190 537 191 519 247 521 247 540 text 0
253 521 306 521 306 538 253 538 text 0
311 536 311 521 399 524 399 540 text 0
404 521 460 521 460 537 404 537 text 0
463 521 535 521 535 538 463 538 text 0
539 538 540 517 584 518 583 540 text 0
587 538 587 521 618 521 618 538 text 0
621 521 648 521 648 538 621 538 text 0
651 522 668 521 669 535 652 536 text 0
671 537 671 521 691 521 691 537 text 0
695 521 737 521 737 538 695 538 text 0
738 522 783 521 783 537 739 538 text 0
94 565 94 545 122 545 122 565 text 0
123 565 124 546 201 548 201 567 text 0
201 566 201 546 237 547 236 567 text 0
237 549 299 549 299 569 237 569 text 0
