647 117 648 46 868 50 867 120 text 0
640 221 641 154 869 157 868 224 text 0
687 315 687 261 865 261 865 315 text 0
535 348 865 345 865 419 536 422 text 0
20 519 20 456 298 456 298 519 text 0
305 466 439 459 442 516 307 522 text 0
445 462 858 462 858 519 445 519 text 0
535 620 536 553 875 556 875 623 text 0
464 717 466 650 869 657 868 724 text 0
506 814 506 754 878 757 877 818 text 0
706 912 707 858 871 861 870 915 text 0
596 959 881 959 881 1026 596 1026 text 0
331 1119 331 1059 556 1059 556 1119 text 0
569 1113 570 1059 875 1063 875 1116 text 0
378 1156 466 1156 466 1223 378 1223 text 0
479 1223 479 1160 868 1160 868 1223 text 0
552 1324 553 1260 869 1264 868 1327 text 0
211 1358 435 1358 435 1425 211 1425 text 0
466 1361 871 1361 871 1421 466 1421 text 0
2817 117 2817 55 2948 55 2948 117 text 0
2371 153 2502 150 2504 229 2373 232 text 0
2106 321 2106 258 2243 258 2243 321 text 0
1922 419 1922 350 2053 350 2053 419 text 0
1770 461 1911 458 1912 520 1772 524 text 0
1591 556 1713 556 1713 622 1591 622 text 0
1552 658 1677 655 1678 720 1554 723 text 0
1516 822 1516 759 1647 759 1647 822 text 0
1477 927 1477 858 1608 858 1608 927 text 0
1469 966 1613 962 1614 1021 1470 1025 text 0
1474 1126 1474 1064 1608 1064 1608 1126 text 0
1434 1162 1565 1159 1567 1225 1436 1228 text 0
1372 1323 1372 1261 1493 1261 1493 1323 text 0
1290 1362 1418 1362 1418 1424 1290 1424 text 0
