218 393 221 313 373 320 369 400 text 0
403 316 543 313 545 380 404 383 text 0
576 295 760 288 763 380 580 387 text 0
169 478 292 471 295 517 172 524 text 0
306 475 390 468 394 509 309 517 text 0
411 506 411 460 527 460 527 506 text 0
554 506 555 464 673 468 672 510 text 0
693 506 696 464 812 474 809 516 text 0
221 700 837 694 840 1078 225 1083 text 0
121 1668 290 1657 295 1741 126 1752 text 0
295 1650 468 1636 475 1713 301 1727 text 0
464 1632 624 1621 629 1703 470 1714 text 0
380 1759 495 1744 506 1829 391 1844 text 0
506 1748 640 1727 655 1815 520 1836 text 0
654 1731 832 1699 848 1784 669 1816 text 0
102 1974 113 1897 239 1914 228 1991 text 0
249 1990 257 1909 446 1928 438 2009 text 0
460 1999 464 1917 693 1928 689 2009 text 0
703 2005 708 1907 872 1914 868 2012 text 0
