65 36 144 35 145 79 65 80 text 0
154 83 154 36 282 36 282 83 text 0
296 77 296 39 392 39 392 77 text 0
599 50 686 48 686 70 599 71 text 0
693 68 694 47 748 48 747 70 text 0
68 191 68 161 154 161 154 191 text 0
162 187 162 156 234 156 234 187 text 0
541 161 587 161 587 184 541 184 text 0
595 182 595 163 627 163 627 182 text 0
631 182 632 158 685 160 685 184 text 0
691 163 755 163 755 191 691 191 text 0
62 251 63 225 110 227 109 252 text 0
117 249 118 223 184 225 183 251 text 0
514 252 514 222 682 223 682 254 text 0
601 286 683 286 683 315 601 315 text 0
62 318 63 284 125 286 124 319 text 0
130 315 130 281 222 281 222 315 text 0
62 382 62 351 127 351 127 382 text 0
135 351 176 351 176 379 135 379 text 0
185 383 185 350 276 350 276 383 text 0
475 351 561 350 561 382 476 383 text 0
569 376 570 362 587 364 586 377 text 0
596 350 764 348 764 385 596 387 text 0
62 443 62 412 108 412 108 443 text 0
114 415 196 415 196 447 114 447 text 0
204 415 259 415 259 452 204 452 text 0
412 443 412 412 475 412 475 443 text 0
479 415 501 414 502 442 481 443 text 0
511 438 511 425 528 425 528 438 text 0
536 417 632 417 632 443 536 443 text 0
641 412 766 412 766 451 641 451 text 0
350 508 405 508 405 533 350 533 text 0
411 504 473 504 473 530 411 530 text 0
64 628 140 626 140 666 65 667 text 0
154 628 282 628 282 673 154 673 text 0
298 628 412 625 413 666 299 669 text 0
600 637 689 637 689 660 600 660 text 0
693 634 750 634 750 658 693 658 text 0
64 748 156 746 157 783 65 785 text 0
163 775 163 745 236 745 236 775 text 0
513 772 514 746 559 748 558 774 text 0
566 772 567 746 629 748 628 774 text 0
631 746 686 746 686 772 631 772 text 0
695 777 695 751 754 751 754 777 text 0
60 804 113 803 114 841 61 842 text 0
118 841 119 806 182 807 181 842 text 0
526 842 526 806 684 806 684 842 text 0
63 874 124 874 124 906 63 906 text 0
131 873 223 873 223 903 131 903 text 0
606 905 607 877 682 879 681 906 text 0
63 940 130 940 130 973 63 973 text 0
136 940 174 938 175 966 137 967 text 0
183 938 271 934 273 972 185 976 text 0
478 937 563 935 564 969 479 970 text 0
570 964 570 951 587 951 587 964 text 0
596 940 762 940 762 972 596 972 text 0
61 1031 63 1001 108 1003 107 1034 text 0
114 1036 116 1004 198 1007 197 1039 text 0
202 1004 256 1002 257 1037 203 1039 text 0
414 1004 502 1001 503 1031 415 1034 text 0
511 1027 511 1012 524 1012 524 1027 text 0
536 1031 536 1001 631 1002 631 1033 text 0
642 1001 766 998 767 1031 642 1034 text 0
