511 144 512 121 550 123 549 146 text 0
442 791 471 790 472 809 443 810 text 0
475 793 514 792 515 811 475 812 text 0
517 791 556 790 557 811 517 812 text 0
555 698 555 676 579 676 579 698 text 0
578 696 578 674 597 674 597 696 text 0
567 719 567 708 585 708 585 719 text 0
552 126 584 125 585 145 553 146 text 0
585 146 585 124 604 124 604 146 text 0
503 166 504 148 549 151 548 170 text 0
549 166 550 148 571 149 570 167 text 0
573 146 598 146 598 171 573 171 text 0
601 165 601 149 617 149 617 165 text 0
525 185 526 170 561 172 560 187 text 0
565 185 565 171 589 171 589 185 text 0
180 400 207 399 208 419 181 420 text 0
212 400 239 400 239 419 212 419 text 0
243 418 243 399 268 399 268 418 text 0
176 421 211 416 214 438 178 442 text 0
214 441 214 422 236 422 236 441 text 0
237 422 270 421 270 438 238 439 text 0
194 457 194 442 227 442 227 457 text 0
230 465 230 443 252 443 252 465 text 0
