234 46 369 45 370 74 235 76 text 0
132 105 132 96 143 96 143 105 text 0
122 147 134 146 135 155 123 155 text 0
149 88 195 88 195 113 149 113 text 0
200 86 289 85 289 110 201 111 text 0
399 102 473 101 473 118 399 119 text 0
149 129 149 114 215 114 215 130 text 0
224 114 327 112 327 129 224 131 text 0
142 164 143 135 217 137 216 165 text 0
226 161 226 138 297 138 297 161 text 0
402 156 480 155 480 173 402 174 text 0
139 184 140 166 219 167 218 185 text 0
227 188 227 170 290 171 290 189 text 0
114 210 115 201 128 203 127 212 text 0
134 216 135 189 214 191 213 218 text 0
221 217 221 190 280 191 279 217 text 0
404 233 404 215 484 216 484 233 text 0
133 242 133 222 178 224 177 244 text 0
188 242 189 222 241 224 240 244 text 0
106 268 107 259 119 260 119 269 text 0
127 277 128 249 209 252 208 280 text 0
216 277 218 250 243 252 240 279 text 0
408 294 408 274 490 274 490 294 text 0
125 302 125 281 204 283 204 304 text 0
213 303 213 282 281 283 280 304 text 0
95 333 97 322 112 324 110 335 text 0
88 404 88 392 102 392 102 404 text 0
119 343 120 312 204 314 203 345 text 0
213 348 214 313 265 316 263 350 text 0
116 371 116 347 204 350 203 373 text 0
210 377 211 349 262 351 261 379 text 0
411 343 498 343 498 365 411 365 text 0
110 414 112 378 199 381 198 418 text 0
207 414 207 383 272 383 271 415 text 0
107 444 108 419 169 421 168 446 text 0
177 445 178 421 264 424 263 448 text 0
414 410 505 409 505 436 415 437 text 0
