191 124 219 123 220 138 192 138 text 0
224 125 258 124 258 138 224 138 text 0
262 124 275 124 275 138 263 138 text 0
280 138 281 124 296 125 295 138 text 0
299 125 332 124 333 140 300 141 text 0
334 123 359 122 360 139 335 139 text 0
172 191 172 177 205 177 205 191 text 0
207 185 213 184 214 188 207 189 text 0
216 191 216 177 237 177 237 191 text 0
241 177 263 176 264 194 242 195 text 0
268 183 273 183 273 189 268 189 text 0
277 177 311 177 311 192 277 192 text 0
315 193 315 176 340 177 340 194 text 0
342 193 343 179 357 179 357 193 text 0
361 193 361 177 396 177 396 193 text 0
171 230 210 229 210 248 172 249 text 0
213 231 240 229 241 246 214 248 text 0
18 163 48 162 49 179 19 180 text 0
53 164 79 163 79 181 54 181 text 0
83 166 113 166 113 181 83 181 text 0
115 168 144 166 145 182 116 184 text 0
34 189 59 189 59 205 34 205 text 0
63 203 63 187 83 187 83 203 text 0
87 190 129 190 129 206 87 206 text 0
20 325 48 325 48 342 20 342 text 0
53 324 79 324 80 341 53 341 text 0
83 327 113 326 113 341 83 342 text 0
116 327 143 326 144 343 117 345 text 0
20 350 44 350 45 366 20 367 text 0
48 367 48 350 95 350 95 367 text 0
100 366 100 349 145 350 145 367 text 0
172 285 193 285 193 298 172 298 text 0
196 286 213 285 213 299 197 300 text 0
217 303 218 285 258 286 258 304 text 0
172 355 172 337 224 338 224 356 text 0
227 339 266 338 267 355 227 356 text 0
171 392 200 391 200 406 172 407 text 0
204 392 229 392 229 408 205 408 text 0
231 392 264 392 264 407 231 407 text 0
266 393 283 393 283 408 266 408 text 0
286 395 302 394 303 408 286 409 text 0
304 392 337 391 337 407 304 408 text 0
339 409 340 395 355 396 354 410 text 0
358 392 375 391 375 408 359 408 text 0
172 462 172 446 207 446 206 463 text 0
209 463 209 446 231 446 231 463 text 0
234 447 275 446 275 461 234 462 text 0
277 446 322 445 323 463 278 464 text 0
322 456 326 455 328 462 324 463 text 0
330 460 331 443 348 444 348 460 text 0
351 461 351 445 369 445 369 461 text 0
47 487 47 470 70 471 69 488 text 0
71 489 71 473 119 473 119 490 text 0
171 515 171 499 205 499 205 515 text 0
209 498 238 498 238 515 210 516 text 0
241 500 274 499 275 517 242 518 text 0
278 500 325 499 325 517 278 518 text 0
327 499 345 498 346 515 328 516 text 0
347 499 366 498 366 516 348 516 text 0
370 500 414 500 414 516 370 516 text 0
121 552 158 552 158 570 122 570 text 0
160 552 177 551 178 569 161 569 text 0
180 569 180 554 197 554 197 569 text 0
202 553 221 553 221 569 202 569 text 0
223 554 247 553 248 569 224 570 text 0
252 570 252 553 271 553 270 570 text 0
274 552 290 552 290 569 274 570 text 0
293 552 326 551 326 569 293 570 text 0
329 554 358 553 358 568 330 569 text 0
362 553 396 553 396 569 362 570 text 0
689 30 689 14 724 15 724 30 text 0
727 33 727 16 771 16 771 33 text 0
586 66 619 66 620 87 586 87 text 0
624 84 625 66 643 67 642 84 text 0
645 70 664 70 664 85 645 85 text 0
668 84 668 68 690 68 690 84 text 0
630 137 630 124 645 124 645 137 text 0
629 178 646 178 646 192 629 192 text 0
628 233 647 232 647 246 628 247 text 0
842 69 856 69 857 85 843 85 text 0
835 123 864 122 864 139 836 139 text 0
834 176 864 176 864 193 834 193 text 0
838 232 860 232 860 248 838 248 text 0
627 285 647 285 647 299 627 300 text 0
832 302 832 284 864 284 864 302 text 0
629 339 646 339 646 354 629 354 text 0
833 338 864 338 864 353 833 353 text 0
631 392 641 392 642 407 632 407 text 0
837 392 859 392 860 407 838 408 text 0
631 462 631 446 641 446 641 462 text 0
838 460 838 446 860 446 860 460 text 0
629 515 629 501 647 501 646 516 text 0
837 515 837 501 860 501 860 515 text 0
624 553 650 553 650 568 624 568 text 0
207 57 207 40 241 40 241 57 text 0
244 41 274 40 274 57 244 57 text 0
277 43 311 42 312 56 277 57 text 0
172 124 188 124 188 140 172 140 text 0
