38 146 38 66 231 66 231 146 text 0
248 158 249 68 518 71 517 161 text 0
33 243 38 169 115 174 110 249 text 0
130 248 131 166 325 169 324 251 text 0
38 1256 38 1176 392 1179 391 1259 text 0
41 1071 306 1063 309 1143 43 1151 text 0
494 1171 499 1070 636 1078 631 1179 text 0
324 1052 482 1049 484 1158 326 1161 text 0
662 1150 662 1078 808 1078 808 1150 text 0
831 1173 834 1083 1017 1089 1014 1179 text 0
345 169 542 166 543 251 346 254 text 0
559 176 745 173 747 267 560 270 text 0
760 182 942 174 947 285 764 293 text 0
967 245 973 156 1128 166 1122 255 text 0
41 277 213 252 227 348 54 373 text 0
247 346 250 279 399 285 396 352 text 0
417 349 422 264 615 275 610 359 text 0
36 967 218 967 218 1050 36 1050 text 0
247 967 397 965 399 1045 248 1047 text 0
419 985 543 973 551 1044 427 1057 text 0
562 1050 564 965 777 970 775 1055 text 0
797 974 932 949 950 1047 815 1072 text 0
953 1061 960 962 1164 978 1157 1076 text 0
615 346 620 277 831 293 826 362 text 0
38 864 107 860 113 949 44 954 text 0
139 944 139 875 267 875 267 944 text 0
291 880 475 877 476 967 292 970 text 0
36 761 110 754 121 853 46 861 text 0
130 867 131 774 354 777 352 870 text 0
492 875 784 870 785 952 493 957 text 0
803 852 948 827 966 937 822 961 text 0
960 958 966 859 1165 871 1159 970 text 0
36 563 81 558 90 643 44 648 text 0
43 669 100 653 123 741 67 756 text 0
43 383 170 372 177 466 51 477 text 0
177 378 368 362 376 452 184 469 text 0
401 365 476 362 479 444 405 447 text 0
494 385 710 361 719 449 504 473 text 0
847 285 1173 257 1185 395 859 423 text 0
43 550 43 465 466 465 466 550 text 0
108 566 268 528 299 660 138 697 text 0
120 759 121 674 410 676 409 761 text 0
739 362 871 356 875 455 743 460 text 0
885 457 896 375 1062 398 1050 480 text 0
891 1269 1083 1266 1084 1333 892 1336 text 0
