80 48 111 47 112 70 81 72 text 0
115 47 170 47 170 69 116 69 text 0
173 69 173 50 205 50 205 69 text 0
210 70 211 44 246 47 245 72 text 0
251 69 251 42 293 42 293 69 text 0
72 81 109 80 109 99 73 100 text 0
112 78 136 77 136 100 113 101 text 0
141 77 168 76 169 98 142 99 text 0
172 98 173 77 217 78 217 100 text 0
220 77 242 76 242 99 221 100 text 0
244 78 266 78 266 98 245 99 text 0
269 101 270 78 301 80 300 103 text 0
100 111 109 110 112 128 102 129 text 0
114 132 115 107 147 108 146 134 text 0
151 128 151 107 189 108 189 129 text 0
190 128 193 107 201 108 198 129 text 0
201 131 202 107 238 109 237 133 text 0
242 131 243 107 273 108 272 132 text 0
108 141 145 141 145 162 108 162 text 0
148 136 186 135 187 159 149 160 text 0
190 161 190 135 226 136 225 161 text 0
230 141 262 140 263 161 231 162 text 0
105 165 141 162 144 189 107 192 text 0
142 168 180 167 181 189 143 190 text 0
182 172 228 171 229 193 183 194 text 0
231 168 265 168 266 191 231 192 text 0
86 220 86 200 116 200 116 220 text 0
119 200 136 200 136 222 119 222 text 0
139 199 174 199 174 220 139 220 text 0
176 198 206 197 207 220 176 220 text 0
210 195 247 193 249 222 213 225 text 0
251 199 289 197 289 220 251 222 text 0
112 228 142 228 142 253 112 253 text 0
142 252 143 221 179 222 178 254 text 0
181 227 216 225 217 251 182 252 text 0
217 230 259 228 260 253 218 255 text 0
306 218 309 184 366 189 363 224 text 0
301 259 304 219 358 223 356 263 text 0
302 281 305 264 318 267 315 283 text 0
319 282 322 266 350 272 347 288 text 0
305 302 305 283 318 283 317 303 text 0
319 301 320 285 345 286 344 303 text 0
80 394 81 364 155 365 155 395 text 0
157 366 204 366 204 395 157 395 text 0
206 366 271 366 272 400 206 400 text 0
63 406 83 405 84 433 64 433 text 0
86 435 88 405 132 409 129 439 text 0
134 434 134 406 199 406 199 434 text 0
204 433 206 405 257 409 255 437 text 0
260 407 288 406 289 434 262 435 text 0
95 472 95 443 139 443 139 472 text 0
145 445 224 445 224 477 145 477 text 0
230 438 260 437 260 473 231 474 text 0
120 483 164 480 166 508 122 510 text 0
169 480 231 480 231 508 169 508 text 0
611 978 611 952 711 952 711 978 text 0
588 958 604 957 605 977 590 978 text 0
