11 29 11 9 40 9 40 29 text 0
43 7 63 7 63 29 43 29 text 0
67 29 67 7 116 7 116 29 text 0
119 28 119 8 169 8 169 28 text 0
171 10 208 9 209 28 171 28 text 0
212 9 272 8 272 30 212 31 text 0
277 8 300 8 300 29 277 29 text 0
304 9 340 9 340 31 304 31 text 0
344 10 395 9 395 31 344 31 text 0
400 8 446 8 446 30 400 31 text 0
451 7 497 7 497 30 451 31 text 0
502 8 537 7 538 29 502 30 text 0
541 29 541 10 596 10 596 30 text 0
597 8 635 7 635 29 598 30 text 0
639 8 674 7 674 31 639 31 text 0
678 10 720 10 720 28 678 29 text 0
725 8 784 8 784 30 725 30 text 0
789 29 790 9 850 12 849 31 text 0
854 28 855 10 903 10 903 29 text 0
905 30 906 10 955 11 955 31 text 0
958 12 993 9 994 30 959 33 text 0
997 30 997 10 1065 10 1065 31 text 0
1070 30 1071 8 1103 8 1103 31 text 0
10 67 10 42 53 43 52 68 text 0
57 65 58 44 92 45 92 66 text 0
96 45 132 45 132 66 96 66 text 0
137 47 190 46 191 66 138 67 text 0
197 65 198 41 248 43 247 67 text 0
250 45 292 44 293 66 251 68 text 0
295 44 332 43 333 64 296 65 text 0
336 63 336 43 366 43 366 63 text 0
369 43 402 43 403 64 369 65 text 0
403 68 403 45 441 45 441 68 text 0
443 66 443 45 467 45 467 66 text 0
469 64 469 45 522 46 522 65 text 0
524 43 550 41 552 63 525 65 text 0
553 45 600 44 601 66 554 68 text 0
603 47 627 46 628 64 603 65 text 0
631 65 631 45 682 45 682 66 text 0
685 45 745 45 745 65 685 66 text 0
747 45 784 44 785 65 748 66 text 0
790 47 817 46 817 63 790 64 text 0
820 48 851 48 851 65 820 65 text 0
853 47 902 45 903 65 854 66 text 0
908 45 963 45 963 67 908 67 text 0
967 47 1016 46 1016 65 967 66 text 0
1019 47 1055 45 1056 63 1020 64 text 0
1059 45 1101 45 1101 66 1059 66 text 0
11 101 11 79 48 80 48 102 text 0
52 100 52 80 89 81 89 101 text 0
95 101 95 80 153 80 153 101 text 0
158 102 158 81 193 81 193 102 text 0
198 102 198 79 248 79 248 102 text 0
253 82 300 82 300 105 253 105 text 0
304 105 305 80 340 81 340 105 text 0
346 103 346 80 382 81 382 104 text 0
386 83 434 82 434 103 387 104 text 0
438 80 473 79 474 103 439 105 text 0
478 80 503 79 503 101 479 101 text 0
508 105 508 81 570 81 570 105 text 0
575 82 616 80 617 102 576 103 text 0
622 101 622 82 656 82 656 101 text 0
661 82 699 81 700 101 661 102 text 0
703 103 704 82 737 83 736 104 text 0
736 80 781 79 782 104 737 105 text 0
786 106 786 82 834 82 834 106 text 0
839 82 876 80 876 105 839 106 text 0
881 82 918 80 918 104 882 105 text 0
923 80 972 79 973 103 923 105 text 0
977 102 977 81 1023 82 1023 103 text 0
1028 79 1059 79 1059 105 1028 105 text 0
1064 80 1101 79 1102 103 1065 104 text 0
10 139 10 114 46 115 45 140 text 0
51 139 51 116 87 116 87 139 text 0
91 117 115 117 115 140 91 140 text 0
119 117 134 116 135 137 119 137 text 0
140 117 173 116 174 137 141 138 text 0
177 137 177 117 232 117 232 137 text 0
236 116 277 115 278 139 237 140 text 0
282 142 282 119 318 119 318 142 text 0
321 116 356 116 356 137 321 137 text 0
360 118 399 117 399 139 360 140 text 0
402 139 402 115 432 116 432 140 text 0
437 117 497 117 497 140 437 140 text 0
501 139 501 117 538 117 538 139 text 0
543 116 580 116 580 139 543 139 text 0
583 139 583 117 619 117 619 139 text 0
622 138 623 115 676 117 675 140 text 0
679 117 714 116 714 138 680 139 text 0
718 117 754 117 754 138 718 138 text 0
