453 157 554 149 557 183 455 191 text 0
561 151 616 147 618 175 564 180 text 0
623 147 661 144 664 176 625 179 text 0
582 341 582 242 654 242 654 341 text 0
522 280 523 196 555 196 554 280 text 0
520 350 521 288 549 288 548 351 text 0
515 359 549 359 549 419 515 419 text 0
516 430 556 430 556 502 516 502 text 0
576 332 704 327 708 409 580 414 text 0
581 433 672 432 673 493 582 495 text 0
497 426 510 426 510 456 497 456 text 0
495 459 510 459 511 498 496 498 text 0
157 1060 158 1048 179 1049 178 1061 text 0
180 1061 181 1050 228 1056 226 1067 text 0
182 1072 183 1064 228 1068 227 1076 text 0
228 1080 230 1046 271 1048 269 1082 text 0
279 1082 284 1050 392 1068 387 1100 text 0
149 458 150 440 173 441 173 459 text 0
176 443 191 443 191 457 176 457 text 0
192 443 227 441 228 457 193 458 text 0
230 458 230 443 243 443 243 458 text 0
244 441 266 440 266 455 245 455 text 0
147 474 148 459 174 460 173 475 text 0
175 474 175 459 196 459 196 474 text 0
199 474 199 461 214 461 214 474 text 0
217 459 239 459 239 474 217 474 text 0
241 461 260 461 260 472 242 473 text 0
149 478 178 478 178 493 149 493 text 0
181 479 218 477 219 492 181 493 text 0
219 476 251 475 252 493 220 493 text 0
254 474 282 474 282 490 254 490 text 0
285 489 285 472 303 472 303 489 text 0
148 510 148 494 182 495 182 511 text 0
184 509 184 494 205 495 205 510 text 0
207 508 208 494 226 495 225 509 text 0
228 508 228 494 241 494 241 508 text 0
243 494 270 493 271 505 243 507 text 0
