146 70 239 60 240 71 147 81 text 0
177 92 203 89 204 100 178 102 text 0
205 88 236 85 237 99 206 102 text 0
237 86 266 83 267 93 238 96 text 0
267 83 274 82 276 92 268 94 text 0
277 81 302 78 303 89 278 92 text 0
303 78 330 75 332 87 305 90 text 0
223 102 240 100 240 108 223 110 text 0
240 101 257 99 258 107 241 108 text 0
258 99 275 97 276 104 259 106 text 0
277 97 290 96 290 102 277 103 text 0
248 60 362 48 363 59 250 71 text 0
149 150 203 141 209 180 155 189 text 0
210 145 310 139 312 177 213 184 text 0
315 130 373 123 379 163 320 171 text 0
249 184 284 180 287 205 252 209 text 0
152 219 270 200 283 283 165 302 text 0
282 208 386 192 399 271 295 288 text 0
220 299 256 294 258 308 221 312 text 0
261 294 298 289 300 303 263 307 text 0
303 290 337 284 339 301 305 306 text 0
183 323 209 319 211 335 185 339 text 0
213 318 242 314 244 328 214 331 text 0
247 315 288 309 290 323 249 329 text 0
293 306 328 305 329 322 293 323 text 0
331 309 348 307 349 320 333 321 text 0
352 303 365 301 367 315 353 316 text 0
369 298 383 297 385 312 371 314 text 0
291 434 303 432 304 438 292 440 text 0
304 432 318 430 318 437 305 438 text 0
319 431 330 428 331 434 320 437 text 0
331 429 357 425 358 432 332 436 text 0
