463 74 563 74 563 111 463 111 text 0
570 75 632 74 633 110 570 111 text 0
642 111 642 80 726 81 726 112 text 0
281 246 473 241 477 369 285 374 text 0
491 238 685 236 687 374 493 377 text 0
698 222 920 219 922 414 700 416 text 0
297 379 338 379 338 416 297 416 text 0
344 381 452 381 452 414 344 414 text 0
463 414 463 382 552 382 552 414 text 0
563 382 635 380 636 414 564 416 text 0
642 381 684 381 684 413 642 413 text 0
692 413 692 378 727 378 727 413 text 0
736 415 737 382 797 385 796 417 text 0
283 1058 335 1058 335 1080 283 1080 text 0
338 1058 396 1058 396 1081 338 1081 text 0
293 1111 293 1098 316 1098 316 1111 text 0
318 1097 345 1096 345 1112 318 1112 text 0
347 1097 369 1097 369 1112 347 1112 text 0
291 1112 314 1112 314 1127 291 1127 text 0
317 1127 317 1113 335 1113 335 1127 text 0
