428 25 428 20 450 20 450 25 text 0
428 31 428 25 450 25 450 31 text 0
465 19 604 19 604 46 465 46 text 0
464 62 464 52 481 52 481 62 text 0
484 62 484 52 502 52 502 62 text 0
505 63 505 51 532 52 532 63 text 0
535 63 535 52 559 52 559 63 text 0
562 51 604 51 604 63 562 63 text 0
61 98 61 70 127 71 126 99 text 0
130 106 130 72 223 73 222 107 text 0
228 99 229 71 275 72 274 100 text 0
132 108 209 108 209 140 132 140 text 0
216 108 274 108 274 134 216 134 text 0
297 128 298 107 341 108 341 129 text 0
346 123 346 106 394 106 394 123 text 0
399 123 399 106 445 106 445 123 text 0
297 149 297 134 380 134 380 150 text 0
384 150 385 130 419 131 418 151 text 0
423 150 426 132 438 134 435 152 text 0
443 144 443 140 452 141 452 145 text 0
457 150 457 133 505 134 505 150 text 0
510 134 560 134 560 151 510 151 text 0
171 300 172 280 196 281 195 301 text 0
200 297 200 281 223 281 223 297 text 0
227 296 228 279 254 281 253 298 text 0
256 298 256 279 300 281 300 299 text 0
305 297 306 280 348 283 347 300 text 0
368 297 369 284 403 284 402 298 text 0
353 297 355 281 365 282 364 298 text 0
408 297 408 281 448 281 448 297 text 0
