196 52 196 36 230 36 230 52 text 0
234 37 281 36 281 51 234 52 text 0
42 233 94 232 94 251 43 252 text 0
96 248 96 234 127 235 127 248 text 0
302 75 302 60 382 60 382 76 text 0
205 112 234 112 235 127 206 127 text 0
238 113 284 112 284 127 238 128 text 0
396 114 441 113 441 125 397 126 text 0
468 34 511 34 511 46 468 46 text 0
463 66 464 49 516 50 515 67 text 0
587 174 587 161 633 161 633 174 text 0
583 175 636 175 636 191 583 192 text 0
646 184 689 183 689 196 647 196 text 0
641 199 692 199 692 214 641 215 text 0
731 224 731 208 763 209 763 224 text 0
766 222 766 208 810 209 810 223 text 0
732 273 733 257 756 258 756 273 text 0
758 273 758 259 812 259 812 273 text 0
214 264 215 247 275 249 274 266 text 0
221 267 268 266 268 279 221 280 text 0
288 291 288 276 369 277 369 292 text 0
381 299 381 287 426 287 426 299 text 0
377 318 377 300 427 301 427 319 text 0
406 391 478 390 478 407 406 408 text 0
418 412 464 411 465 426 418 427 text 0
716 209 728 209 728 224 716 224 text 0
715 260 729 259 730 274 715 275 text 0
