14 37 14 11 62 12 62 39 text 0
67 37 67 15 104 15 104 37 text 0
110 14 160 13 161 40 111 41 text 0
164 16 235 14 235 37 164 39 text 0
239 36 239 14 266 14 266 36 text 0
273 19 318 19 318 41 273 41 text 0
321 36 321 14 354 14 354 36 text 0
360 36 360 12 391 12 391 36 text 0
399 12 443 12 443 35 399 35 text 0
450 12 486 12 486 36 450 36 text 0
489 16 540 15 540 42 489 43 text 0
547 34 547 14 569 14 569 34 text 0
574 42 574 13 658 13 658 42 text 0
662 36 662 15 684 15 684 36 text 0
692 35 693 12 828 13 828 36 text 0
17 79 17 56 99 56 99 79 text 0
102 61 131 60 131 76 102 78 text 0
139 77 140 60 154 61 152 78 text 0
159 57 217 56 217 84 160 85 text 0
222 60 251 60 251 80 222 80 text 0
256 60 291 60 291 79 256 79 text 0
297 80 297 56 347 56 347 80 text 0
352 60 379 60 379 78 352 78 text 0
390 57 514 55 515 83 391 85 text 0
524 84 524 56 665 56 665 84 text 0
674 57 744 57 744 80 674 80 text 0
750 58 775 57 776 79 751 80 text 0
780 56 821 56 821 79 780 79 text 0
13 98 61 98 61 125 13 125 text 0
68 98 155 98 155 123 68 123 text 0
164 104 192 103 193 120 165 121 text 0
202 99 310 97 310 127 202 129 text 0
16 177 86 177 86 195 16 195 text 0
91 194 91 180 145 181 144 195 text 0
151 193 151 176 198 178 197 196 text 0
205 176 250 176 250 194 205 194 text 0
258 180 292 180 292 195 258 195 text 0
299 177 354 175 355 200 300 202 text 0
356 177 413 175 414 197 357 199 text 0
419 177 442 177 442 198 419 198 text 0
447 177 563 175 563 197 447 199 text 0
565 176 612 174 613 197 566 199 text 0
619 200 619 175 725 175 725 200 text 0
730 197 730 175 787 175 787 197 text 0
792 197 792 175 834 175 834 197 text 0
16 218 45 217 45 235 17 236 text 0
52 215 121 215 121 237 52 237 text 0
123 213 163 213 163 238 123 238 text 0
166 215 205 215 205 236 166 236 text 0
210 213 246 213 246 235 210 235 text 0
250 238 250 214 292 214 292 238 text 0
296 215 315 215 315 235 296 235 text 0
319 217 383 215 383 236 319 238 text 0
384 214 404 213 405 234 386 235 text 0
410 216 452 215 453 234 410 235 text 0
456 213 487 213 487 235 456 235 text 0
491 214 543 214 543 236 491 236 text 0
549 217 647 216 648 236 549 237 text 0
653 216 676 215 677 236 653 237 text 0
680 216 724 215 725 235 680 236 text 0
728 215 773 214 773 234 728 235 text 0
15 251 103 251 103 274 15 274 text 0
108 272 108 250 148 250 148 272 text 0
151 274 151 252 228 252 228 274 text 0
16 317 68 316 68 339 17 340 text 0
72 320 95 320 95 337 72 337 text 0
98 337 99 319 131 320 130 338 text 0
132 341 132 320 212 320 212 341 text 0
218 317 244 317 244 337 218 337 text 0
250 339 250 320 264 320 264 339 text 0
267 318 314 317 315 340 268 341 text 0
317 318 358 317 358 338 318 339 text 0
362 316 407 314 408 338 363 340 text 0
411 321 468 320 469 340 412 341 text 0
473 320 493 319 494 340 474 341 text 0
497 324 509 324 509 337 497 337 text 0
517 320 603 319 603 342 517 343 text 0
608 320 658 320 658 343 608 343 text 0
662 340 662 317 695 317 695 340 text 0
699 317 747 316 748 340 699 341 text 0
751 321 792 319 793 340 752 342 text 0
797 340 797 316 824 316 824 340 text 0
16 354 77 354 77 378 16 378 text 0
79 357 107 357 107 374 79 374 text 0
111 373 111 360 123 360 123 373 text 0
131 374 131 357 192 358 191 375 text 0
198 373 198 356 237 357 237 374 text 0
244 357 285 357 285 373 244 373 text 0
292 356 325 356 325 373 292 373 text 0
333 355 371 354 372 374 333 375 text 0
380 354 403 354 403 373 380 373 text 0
411 355 499 354 499 381 411 382 text 0
506 377 506 355 597 355 597 377 text 0
604 359 627 359 627 377 604 377 text 0
635 355 755 353 755 377 635 379 text 0
759 356 793 356 793 374 759 374 text 0
800 360 819 359 820 373 801 374 text 0
17 413 17 395 121 396 120 414 text 0
127 393 185 393 185 411 127 411 text 0
191 398 233 398 233 411 191 411 text 0
239 395 286 394 286 410 239 411 text 0
292 410 292 393 349 394 349 411 text 0
353 392 432 391 433 418 353 419 text 0
431 393 509 391 510 413 432 415 text 0
