104 48 104 31 199 33 199 50 text 0
206 47 206 33 227 33 227 47 text 0
57 52 169 51 170 88 57 89 text 0
62 93 88 93 88 105 62 105 text 0
92 105 92 93 117 93 117 105 text 0
120 105 120 92 143 92 143 105 text 0
147 105 147 93 173 93 173 105 text 0
242 93 274 93 274 105 242 105 text 0
680 50 680 33 724 33 724 50 text 0
729 50 730 33 811 35 811 52 text 0
693 126 693 110 798 110 798 126 text 0
713 141 739 134 743 147 716 155 text 0
738 146 742 132 794 146 790 160 text 0
722 153 789 153 789 167 722 167 text 0
75 458 77 207 802 213 799 464 text 0
231 467 380 460 389 632 240 640 text 0
401 441 659 431 667 636 409 646 text 0
664 640 802 571 831 629 693 698 text 0
62 858 62 800 77 800 77 858 text 0
61 782 75 782 75 795 61 795 text 0
62 778 62 702 76 702 76 778 text 0
61 694 62 674 75 674 74 695 text 0
56 672 58 631 82 633 80 673 text 0
111 706 217 705 218 771 112 772 text 0
232 772 233 755 251 757 250 773 text 0
261 708 372 706 373 771 262 773 text 0
114 858 114 783 376 784 376 859 text 0
433 705 652 703 652 784 433 786 text 0
687 706 754 705 755 783 688 784 text 0
434 822 435 794 504 795 503 823 text 0
515 822 516 794 568 796 567 824 text 0
581 790 681 786 682 821 583 824 text 0
693 822 693 794 755 794 755 822 text 0
436 830 482 828 483 857 437 858 text 0
484 860 485 848 496 849 494 861 text 0
509 823 562 823 562 859 509 859 text 0
573 825 641 824 641 859 574 860 text 0
651 858 651 830 756 830 756 858 text 0
198 940 199 922 299 923 299 941 text 0
470 941 470 924 539 926 539 943 text 0
545 922 559 921 560 940 547 940 text 0
567 940 567 923 629 923 629 940 text 0
633 922 726 922 726 941 633 941 text 0
154 987 202 986 203 1019 155 1020 text 0
231 1027 231 1010 276 1012 275 1028 text 0
278 1027 279 1010 301 1012 300 1028 text 0
303 1030 303 1010 355 1010 355 1030 text 0
587 977 633 977 633 994 587 994 text 0
584 1009 584 992 666 994 666 1010 text 0
585 1025 585 1012 638 1013 638 1026 text 0
369 1080 415 1080 415 1093 369 1093 text 0
419 1095 420 1080 490 1081 490 1096 text 0
141 1128 141 1116 166 1116 166 1128 text 0
168 1129 168 1117 191 1117 191 1129 text 0
194 1117 206 1117 206 1129 194 1129 text 0
142 1129 241 1128 241 1156 142 1158 text 0
192 1161 204 1161 204 1169 192 1169 text 0
207 1159 239 1158 239 1167 207 1168 text 0
304 1137 305 1125 325 1127 324 1140 text 0
327 1136 327 1124 350 1124 350 1136 text 0
296 1162 297 1137 377 1141 376 1165 text 0
477 1132 491 1132 491 1148 477 1148 text 0
494 1149 496 1131 504 1132 502 1150 text 0
507 1149 507 1131 522 1131 522 1149 text 0
526 1131 537 1131 537 1149 526 1149 text 0
540 1132 554 1132 554 1150 540 1150 text 0
557 1131 570 1130 571 1149 558 1150 text 0
574 1148 574 1129 587 1129 587 1148 text 0
633 1125 723 1122 724 1157 634 1160 text 0
700 89 700 71 752 71 752 89 text 0
755 90 755 77 789 77 789 90 text 0
